435
155
156
157
121
99
139
101
100
132
135
138
136
107
145
151
150
153
152
148
147
111
117
149
154
163
127
123
161
162
3126
436
3124
3123
189
3148
3144
191
3142
3143
3136
180
177
389
3140
3141
438
3139
3131
172
3129
3128
392
3132
3188
3108
3109
3110
3187
3186
3099
3185
3182
3101
213
214
212
211
207
206
205
394
216
215
196
197
198
199
200
203
223
221
222
219
220
217
218
236
235
240
239
234
233
252
253
250
251
248
396
246
247
254
255
226
225
227
256
257
258
245
244
229
230
266
265
270
267
264
274
272
275
276
279
282
283
284
340
338
337
336
335
334
333
332
331
330
341
342
324
325
326
329
364
365
366
367
343
349
350
344
348
347
346
423
3014
362
354
353
358
356
355
357
361
3013
3015
369
370
371
372
3016
598
596
599
597
377
376
375
374
382
381
378
379
384
383
718
716
717
727
728
726
733
732
794
791
793
786
787
784
785
783
782
779
778
781
773
780
771
777
775
770
758
754
752
756
755
751
750
798
801
804
817
816
815
814
811
1283
808
807
819
818
849
850
845
848
851
852
835
837
834
836
839
838
842
841
844
843
832
833
820
821
826
822
828
829
830
831
876
875
864
862
863
861
873
869
868
867
857
858
859
860
3248
3247
3255
3249
3244
3206
3246
3245
3257
3256
3204
3200
3205
3201
3202
3203
879
878
882
883
3296
3297
3294
3293
3302
3300
3299
3298
3304
3303
3305
3271
3272
3269
3270
3266
3267
3264
3265
3274
3273
3281
3288
3286
3289
3275
3276
3279
3280
3290
3292
3042
3044
3030
3399
3398
3395
3391
3022
3396
3041
3397
3032
3021
3026
3025
3027
3028
3034
3031
3039
3400
3024
3020
3019
3390
3389
3040
3035
3018
