	PD_whole_tree	chao1	observed_otus
230	62.15596	1113.22727273	719.0
247	62.72383	998.076923077	729.0
207	51.55756	861.387755102	595.0
342	55.08188	796.32038835	556.0
333	62.98078	1180.36885246	775.0
265	64.4237	1102.91666667	792.0
364	56.49182	1017.91666667	634.0
355	53.2525	837.190909091	604.0
220	48.94788	807.0	594.0
341	56.24051	1058.79166667	649.0
272	47.37154	749.671641791	476.0
226	66.41907	1078.50413223	758.0
358	56.51312	904.390909091	648.0
346	58.60374	995.641304348	624.0
257	47.75115	892.531914894	605.0
233	49.88002	790.321100917	615.0
392	54.04641	825.791666667	521.0
347	56.4614	1030.12307692	721.0
264	45.95538	758.56122449	526.0
221	50.0101	855.555555556	610.0
383	60.21735	961.056603774	621.0
223	54.40768	861.411764706	578.0
283	56.93466	866.494845361	595.0
213	39.21823	561.357142857	397.0
255	55.20073	1156.08247423	675.0
251	57.45224	1040.3627451	671.0
325	65.29153	1070.05263158	744.0
423	62.71396	1170.66666667	784.0
245	70.22552	1080.175	750.0
211	61.32903	1141.27118644	738.0
246	64.44272	1088.85714286	687.0
189	69.85796	1154.3902439	765.0
343	60.78884	1027.03252033	714.0
135	67.16567	1033.35087719	738.0
205	54.5043	1023.69724771	673.0
212	52.17315	744.963414634	526.0
147	59.40416	1017.5	675.0
378	54.53014	932.655462185	669.0
266	65.44392	1092.28244275	759.0
248	53.60247	957.861111111	658.0
384	53.22664	810.144230769	591.0
222	59.01575	933.120967742	696.0
254	55.07038	959.05	712.0
258	48.92195	869.915662651	569.0
348	53.45931	950.21875	626.0
369	61.50869	969.113636364	716.0
353	70.43282	1119.66037736	830.0
218	57.05783	927.532110092	660.0
362	63.3085	1072.203125	738.0
396	48.73646	861.463414634	565.0
279	56.09873	977.194444444	689.0
324	59.77155	946.394230769	635.0
203	58.06157	1026.94642857	724.0
382	62.40686	1047.56034483	706.0
338	63.46888	1101.50847458	729.0
276	55.11245	916.146067416	643.0
267	54.77228	956.333333333	653.0
198	61.6158	1058.95762712	742.0
344	55.17569	977.3125	679.0
354	48.58748	811.402061856	583.0
394	43.01532	614.558441558	428.0
229	50.10166	937.321428571	610.0
215	53.39507	876.290322581	645.0
274	45.56774	676.070588235	478.0
225	66.55227	1003.84246575	775.0
139	60.68696	931.449152542	657.0
329	59.78617	957.702970297	652.0
349	55.23713	896.986486486	538.0
200	57.14336	950.421052632	673.0
239	50.74917	718.545454545	508.0
275	55.7679	883.639175258	605.0
381	53.11619	868.008403361	633.0
199	50.30868	890.9375	619.0
235	53.71757	969.24137931	597.0
376	60.72822	892.40625	606.0
240	50.63289	857.882978723	585.0
162	66.45948	1051.35714286	731.0
234	33.08081	618.0	372.0
357	58.48093	1000.95238095	717.0
379	53.88884	888.598130841	636.0
350	55.92984	910.868421053	546.0
438	52.56144	809.078947368	512.0
244	36.79525	543.357142857	315.0
326	60.20868	934.133928571	654.0
270	46.43336	817.471153846	573.0
101	55.48097	957.75	560.0
227	53.17399	868.45631068	615.0
377	47.85042	922.441860465	600.0
436	52.62362	820.611111111	528.0
217	53.14205	938.428571429	665.0
196	51.40924	795.754237288	622.0
252	47.64689	836.469879518	567.0
284	49.88921	838.9	536.0
356	51.08132	914.760416667	611.0
206	41.61878	650.692307692	451.0
197	37.03046	759.602739726	487.0
337	50.22792	858.623655914	568.0
256	62.29447	1065.93877551	709.0
330	52.866	912.127659574	573.0
372	36.9498	661.681818182	431.0
214	55.87938	1073.06741573	662.0
336	53.89708	916.729166667	566.0
366	68.04917	1045.51937984	734.0
172	58.58414	985.652542373	657.0
138	49.6896	807.223880597	489.0
250	53.27794	978.867346939	651.0
163	62.17851	1044.05	690.0
375	48.57979	890.891304348	566.0
370	47.59564	834.9	532.0
374	38.32996	615.904761905	414.0
340	47.30226	840.063829787	555.0
216	54.47502	899.787878788	652.0
154	59.47985	949.461538462	686.0
219	54.23158	1010.0	680.0
334	43.62323	762.056603774	543.0
367	44.46308	776.428571429	500.0
100	48.51117	951.043010753	589.0
180	63.28247	962.9	664.0
136	58.17006	779.0	570.0
253	53.27591	851.274509804	632.0
371	57.37719	1030.5	673.0
152	56.42098	899.111111111	567.0
156	59.80944	1010.89423077	672.0
121	58.50625	961.857142857	616.0
335	45.63403	819.295774648	480.0
127	64.83347	1168.42857143	724.0
145	68.38498	1133.2952381	709.0
107	63.91657	1038.30693069	668.0
111	56.92615	1012.73333333	588.0
361	36.85934	629.424242424	404.0
331	35.05134	691.282608696	379.0
236	29.45347	545.318181818	321.0
191	42.22873	757.571428571	448.0
435	34.94453	651.678571429	386.0
153	63.34699	1115.98165138	699.0
155	41.72349	714.588235294	467.0
282	56.43335	917.655462185	654.0
365	48.03591	726.566666667	501.0
148	58.10032	909.153061224	589.0
157	58.14357	1026.96875	623.0
123	60.04277	900.330434783	634.0
151	51.31698	804.368421053	496.0
117	51.32445	999.554054054	589.0
99	56.68311	813.174418605	558.0
161	63.59955	1021.14179104	717.0
150	60.77152	1046.6635514	679.0
332	39.55037	635.718309859	431.0
132	49.34576	711.489130435	508.0
177	39.39435	641.283783784	426.0
389	39.05335	732.263157895	397.0
149	46.11316	772.263888889	479.0
597	57.9703	1051.25925926	710.0
861	35.75981	757.180722892	580.0
864	36.67891	800.283783784	585.0
599	49.11208	894.242990654	608.0
811	54.64247	1068.66141732	750.0
771	53.21362	874.21875	550.0
875	44.98157	779.9	543.0
783	52.91858	893.558139535	590.0
859	64.07949	1098.21428571	747.0
858	53.25663	902.2	613.0
876	55.27625	1012.88297872	615.0
848	66.96089	1188.07317073	786.0
852	50.43616	877.760416667	574.0
773	66.25511	1153.64	768.0
839	55.60132	1009.31538462	711.0
822	59.50959	1161.31578947	733.0
832	59.09568	1097.75	724.0
819	70.96228	1254.20833333	854.0
816	71.84371	1118.44578313	841.0
728	57.71885	1110.5625	689.0
841	51.37911	953.060344828	640.0
775	47.02314	787.80952381	537.0
756	54.36596	917.967741935	607.0
843	65.97383	1081.390625	731.0
867	59.90941	1056.06875	772.0
851	67.83121	1193.94160584	812.0
784	42.89621	764.493670886	476.0
873	48.45297	1022.33333333	639.0
804	55.73071	996.346153846	674.0
821	45.65102	826.038834951	577.0
779	63.94589	1087.0	754.0
836	55.98236	1071.57522124	664.0
754	57.88444	1136.72897196	692.0
826	61.2919	1230.47933884	757.0
716	59.18304	974.339622642	664.0
751	60.62078	978.692307692	666.0
818	68.9332	1172.20689655	818.0
758	57.59716	934.678571429	659.0
838	54.14762	959.827272727	649.0
883	66.25157	1070.02040816	781.0
778	49.53598	903.894736842	563.0
834	68.26569	1265.22131148	776.0
849	57.90256	860.8125	609.0
815	66.86503	1124.22222222	792.0
817	68.65244	1129.734375	777.0
794	67.14604	1059.35483871	789.0
777	63.59434	1238.83898305	776.0
820	70.42469	1359.19760479	928.0
807	57.79998	969.951923077	661.0
882	63.49656	1173.04347826	743.0
786	70.23464	1074.2392638	810.0
829	54.39356	1051.34306569	704.0
801	63.65001	1203.28873239	821.0
814	73.50973	1244.25	945.0
857	39.68219	737.289719626	595.0
798	63.80904	1173.7260274	779.0
879	43.58771	854.336633663	568.0
785	41.21375	568.622222222	343.0
791	49.85435	879.229508197	650.0
598	48.34666	886.0	653.0
782	46.9627	729.058823529	500.0
793	54.64674	910.054545455	611.0
833	60.41729	1083.22137405	727.0
787	44.96746	800.847826087	539.0
844	38.07498	814.797468354	529.0
845	40.76372	813.341463415	538.0
808	56.32691	1090.25174825	787.0
878	45.2964	810.132743363	573.0
1283	61.31526	1223.51315789	824.0
717	48.72027	769.038461538	519.0
770	62.98035	1218.33333333	793.0
718	42.76831	551.085714286	404.0
726	63.42031	1182.66666667	814.0
752	52.5803	1076.51851852	608.0
780	58.07879	1170.23529412	752.0
828	63.06894	1085.94444444	796.0
755	55.3628	988.081632653	623.0
733	52.21963	903.725274725	599.0
835	62.72497	1041.11678832	731.0
837	42.55777	845.533333333	558.0
727	58.34281	1086.36585366	729.0
868	39.6583	664.3125	474.0
831	55.20823	1015.68503937	688.0
781	40.30728	708.048780488	475.0
750	43.26069	788.655172414	534.0
596	50.61353	911.666666667	627.0
830	48.99712	958.028301887	633.0
862	40.11651	800.043010753	573.0
869	47.3235	933.521008403	644.0
842	47.11373	875.193181818	552.0
732	22.18879	358.823529412	233.0
863	31.65839	706.22972973	440.0
860	57.86817	903.251748252	675.0
850	48.29886	926.333333333	609.0
3249	58.70984	1104.0	801.0
3293	47.45581	976.707317073	688.0
3022	72.13549	1338.96503497	859.0
3247	74.63377	1332.0877193	922.0
3269	73.39228	1257.00574713	906.0
3296	68.84925	1208.65891473	798.0
3015	67.02244	1290.69178082	853.0
3399	43.77058	825.736842105	626.0
3026	53.77221	1119.65517241	720.0
3398	45.64836	933.394230769	622.0
3030	43.97964	918.027777778	639.0
3039	52.75797	993.204379562	704.0
3264	63.98487	1225.56944444	823.0
3274	65.9868	1240.24137931	831.0
3248	64.19277	1141.67567568	743.0
3044	64.02415	1106.75806452	723.0
3018	67.5266	1393.91911765	870.0
3014	70.67928	1311.04069767	912.0
3200	70.49355	1248.8	830.0
3028	49.0669	1096.66101695	696.0
3272	46.17181	952.054545455	653.0
3292	46.19583	969.474576271	664.0
3109	66.48447	1220.61832061	791.0
3040	24.14482	468.375	348.0
3185	54.10256	1012.06896552	692.0
3202	54.61844	978.471428571	721.0
3024	34.38803	690.346153846	504.0
3108	45.43981	875.764044944	585.0
3143	77.23238	1315.24489796	895.0
3257	51.19847	1002.11494253	597.0
3027	53.53326	1120.91666667	686.0
3298	57.37692	1087.734375	735.0
3126	67.85497	1200.75796178	838.0
3144	72.19662	1509.18300654	985.0
3276	41.02073	946.009803922	631.0
3391	66.94562	1322.70454545	920.0
3203	54.56564	1028.00699301	745.0
3280	69.78585	1477.54819277	992.0
3016	75.51769	1428.50649351	978.0
3289	36.27826	742.943181818	503.0
3031	44.58579	860.378151261	603.0
3255	48.55623	860.923076923	551.0
3034	47.42085	976.0	646.0
3019	23.33813	582.25	360.0
3290	38.83645	802.559139785	534.0
3286	56.18695	1020.5	695.0
3205	39.43537	826.282608696	599.0
3042	55.62518	1038.26	656.0
3397	60.75823	1066.92	720.0
3273	66.19077	1257.76229508	777.0
3271	59.06644	1047.5	690.0
3131	68.63345	1237.63333333	788.0
3279	66.64315	1309.22292994	909.0
3389	45.09871	958.78	601.0
3101	67.2835	1254.38323353	876.0
3300	63.47016	1204.45517241	814.0
3123	59.39299	1169.4351145	750.0
3136	55.35548	1132.71929825	685.0
3139	67.06803	1178.71538462	791.0
3032	39.09216	705.442857143	438.0
3244	59.84377	1160.62790698	760.0
3148	56.55937	1090.93814433	694.0
3265	61.82036	997.0	718.0
3297	64.86346	1141.68627451	806.0
3275	46.71429	1009.63157895	667.0
3266	65.1948	1261.26446281	768.0
3187	70.0455	1298.12413793	845.0
3201	50.896	961.472868217	663.0
3013	55.00055	1016.31896552	682.0
3256	38.24694	682.767857143	414.0
3099	49.35142	1134.15463918	681.0
3245	60.5433	1082.0	769.0
3188	51.72134	1128.79130435	715.0
3288	55.17532	1111.35643564	682.0
3299	56.8596	1152.35897436	743.0
3294	50.27218	1092.40540541	672.0
3400	26.54829	466.471698113	334.0
3186	74.86615	1310.0	941.0
3140	67.26364	1272.26060606	863.0
3396	56.88169	934.674074074	691.0
3267	61.26235	1136.53211009	714.0
3035	62.8749	1198.84507042	793.0
3305	54.56203	880.305084746	627.0
3204	62.34643	1288.9453125	844.0
3395	67.5831	1249.30898876	872.0
3025	66.64857	1272.41044776	827.0
3141	70.59767	1269.58433735	865.0
3302	57.4535	1066.97580645	698.0
3303	49.94004	999.479338843	706.0
3270	62.43286	1025.76335878	719.0
3390	63.77087	1256.82978723	724.0
3020	65.05835	1106.54198473	771.0
3206	37.82258	792.609756098	569.0
3110	55.36957	1167.34042553	787.0
3142	75.20669	1254.26470588	895.0
3128	63.6739	1183.37777778	759.0
3041	32.33916	544.147540984	373.0
3129	68.16689	1217.17073171	797.0
3124	60.16804	1189.37704918	739.0
3021	31.25388	558.672413793	366.0
3246	52.37648	1025.89534884	591.0
3281	67.06327	1329.16167665	927.0
3132	48.27908	1021.27777778	690.0
3182	48.13878	889.75257732	574.0
3304	52.83942	840.0	587.0
