	PD_whole_tree	chao1	observed_otus
230	66.64761	1264.69178082	827.0
247	68.71303	1289.35416667	853.0
207	55.61766	1033.41441441	679.0
342	60.01593	965.085470085	636.0
333	69.91618	1511.44827586	919.0
265	70.55559	1368.01960784	917.0
364	63.75727	1389.99065421	752.0
355	59.39383	1080.25	704.0
220	54.88982	1174.00970874	715.0
341	60.67163	1193.38095238	736.0
272	50.45501	804.511627907	532.0
226	73.55946	1427.40740741	894.0
358	61.83644	1215.12195122	763.0
346	64.04295	1141.77966102	720.0
257	52.91902	1128.2295082	728.0
233	54.64068	997.007407407	730.0
392	56.96362	881.25	565.0
347	62.60614	1279.875	850.0
264	51.17498	970.672897196	616.0
221	54.59362	1004.8362069	701.0
383	66.53248	1212.76229508	732.0
223	58.8453	1085.28282828	662.0
283	62.34332	1111.45714286	690.0
213	40.77685	587.714285714	427.0
255	59.61427	1389.67567568	768.0
251	61.73214	1267.54032258	775.0
325	73.4589	1406.82802548	896.0
423	70.48781	1433.51807229	921.0
245	73.69956	1292.46666667	858.0
211	65.62951	1446.93650794	848.0
246	68.96514	1342.77777778	775.0
189	75.58493	1471.52027027	905.0
343	67.46357	1302.56666667	845.0
135	75.6462	1279.55063291	893.0
205	57.87185	1191.25735294	770.0
212	55.56542	927.10989011	604.0
147	65.31984	1172.34042553	792.0
378	62.09173	1200.52238806	788.0
266	72.95486	1444.68085106	890.0
248	59.08471	1139.10638298	768.0
384	60.0354	1164.68041237	693.0
222	65.19536	1130.61538462	800.0
254	60.15667	1297.95588235	854.0
258	52.79701	1101.99082569	696.0
348	59.44045	1115.88135593	723.0
369	68.65423	1234.62162162	836.0
353	77.38877	1394.55494505	967.0
218	61.26047	1090.224	748.0
362	70.87661	1359.17647059	871.0
396	51.58054	1069.53191489	654.0
279	63.02074	1231.8778626	820.0
324	63.42388	1152.02884615	715.0
203	62.22692	1277.4	856.0
382	68.90553	1326.90510949	834.0
338	70.34406	1297.79166667	839.0
276	60.54536	1070.968	754.0
267	59.42743	1173.54237288	741.0
198	66.8057	1352.11029412	869.0
344	63.25463	1233.92307692	801.0
354	55.03844	1078.27272727	715.0
394	46.71334	785.108108108	480.0
229	54.58589	1153.75925926	716.0
215	58.00122	1056.81538462	730.0
274	47.95275	796.787878788	549.0
225	70.97381	1340.96078431	902.0
139	65.96953	1334.6779661	784.0
329	63.81282	1247.09009009	761.0
349	60.28567	1121.41860465	624.0
200	61.03033	1125.2519084	762.0
239	52.90275	805.676470588	563.0
275	59.94102	1050.28440367	679.0
381	59.67758	1163.56692913	749.0
199	55.25433	1089.3	723.0
235	58.41067	1136.50980392	673.0
376	65.61739	1119.67256637	704.0
240	55.46451	1019.37837838	675.0
162	75.04814	1418.12269939	886.0
234	35.54584	729.117647059	399.0
357	65.89719	1319.87755102	858.0
379	62.45049	1210.28	776.0
350	61.02289	1160.36904762	630.0
438	56.88996	1003.4137931	586.0
244	38.57353	635.9	362.0
326	66.23578	1206.54477612	779.0
270	50.09719	995.882352941	651.0
101	59.34751	1262.6626506	640.0
227	59.11267	1070.32575758	726.0
377	53.66618	1065.57936508	712.0
436	56.26896	931.392156863	578.0
217	58.9324	1271.63636364	793.0
196	56.10222	1159.00854701	747.0
252	51.96029	1057.48387097	667.0
284	54.34355	1063.1010101	631.0
356	57.6879	1242.86666667	729.0
206	45.48707	742.900990099	513.0
197	40.92708	948.24137931	576.0
337	55.5724	1120.28865979	661.0
256	66.91082	1244.63909774	824.0
330	59.11523	1072.88983051	667.0
372	41.53385	829.569620253	502.0
214	61.92055	1319.81981982	779.0
336	55.28646	1046.45714286	625.0
366	74.17366	1304.79166667	846.0
172	64.90327	1179.47019868	775.0
138	54.2881	962.542168675	560.0
250	58.01795	1336.87368421	755.0
163	67.95187	1250.64	798.0
375	52.90388	1139.21052632	648.0
370	52.66174	1038.35643564	609.0
374	42.72764	801.48	489.0
340	50.94682	1024.03	625.0
216	59.74346	1145.87394958	774.0
154	64.60858	1128.03488372	791.0
219	59.78706	1305.28244275	812.0
334	48.98703	1050.88679245	639.0
367	47.85643	903.7	567.0
100	53.4223	1389.33333333	687.0
180	69.39785	1311.24489796	774.0
136	63.70883	1010.92241379	679.0
253	59.48201	1113.21804511	776.0
371	62.58746	1206.18248175	768.0
152	61.13551	1151.21212121	658.0
156	67.30011	1276.4	785.0
121	63.45652	1169.50925926	688.0
335	49.93766	880.134020619	541.0
127	70.68617	1418.5	855.0
145	73.06662	1354.62096774	813.0
107	68.11169	1293.08547009	780.0
111	60.0243	1215.77570093	674.0
361	39.8948	782.537313433	455.0
331	39.65519	910.25	452.0
236	30.5288	629.775510204	357.0
191	45.8036	912.513157895	516.0
435	35.81869	725.0	431.0
153	68.04024	1567.89215686	805.0
155	46.00022	921.6875	545.0
282	61.53718	1254.74137931	755.0
365	53.09886	988.887755102	596.0
148	62.03165	1193.81	677.0
157	63.60624	1251.45454545	712.0
123	66.62881	1199.02272727	765.0
151	56.37908	975.068965517	573.0
117	56.58482	1135.01010101	685.0
99	59.96427	1081.0	661.0
161	68.2718	1198.52409639	820.0
150	66.24764	1283.86466165	798.0
332	42.25462	765.425287356	501.0
132	52.28543	877.647058824	587.0
177	43.40697	783.494845361	512.0
389	40.70248	836.838709677	434.0
149	50.56058	981.04	556.0
597	64.38507	1310.93006993	854.0
861	42.7375	1026.44117647	731.0
864	43.18475	1033.57009346	738.0
599	54.42416	1209.24409449	742.0
811	61.97575	1390.15286624	907.0
771	57.44842	1117.50943396	645.0
875	48.84183	963.446428571	644.0
783	57.55475	1099.80555556	701.0
859	70.57746	1468.52238806	873.0
858	58.44985	1171.52586207	726.0
876	57.85923	1196.26168224	692.0
848	72.06773	1489.75675676	926.0
852	55.21285	1071.19090909	658.0
773	71.42611	1415.00645161	895.0
839	60.17965	1317.99367089	855.0
822	65.41535	1382.59090909	867.0
832	64.19181	1374.65217391	839.0
819	77.51261	1541.97714286	1010.0
816	78.60168	1518.6779661	1000.0
728	63.99366	1441.24390244	834.0
841	55.87798	1213.55725191	750.0
775	52.15695	1010.23636364	624.0
756	58.83788	1060.05084746	700.0
843	72.41532	1388.18181818	855.0
867	66.8084	1329.71264368	896.0
851	74.06234	1430.2875	939.0
784	47.24869	858.373737374	549.0
873	52.91621	1218.16239316	740.0
804	59.00406	1161.0	762.0
821	50.04796	1031.4453125	674.0
779	69.17882	1388.50344828	884.0
836	62.25939	1379.26666667	797.0
754	63.70092	1343.42857143	802.0
826	64.74827	1564.02173913	880.0
716	62.99586	1202.51401869	752.0
751	65.68745	1293.90510949	801.0
818	74.76276	1528.7037037	962.0
758	64.13401	1228.888	784.0
838	59.00485	1296.02608696	771.0
883	71.31347	1283.2195122	887.0
778	53.65609	1160.55555556	645.0
834	72.84501	1595.8	875.0
849	61.34072	1003.60305344	699.0
815	72.64714	1552.92517007	940.0
817	75.47973	1458.14285714	919.0
794	74.97045	1434.75625	931.0
777	69.70183	1554.04316547	918.0
820	77.29505	1695.73684211	1078.0
807	61.30741	1107.7804878	748.0
882	69.08184	1379.52317881	872.0
786	78.226	1435.77714286	959.0
829	61.72556	1378.10344828	825.0
801	69.82153	1531.3372093	980.0
814	80.61393	1673.12444444	1145.0
857	45.18982	968.044444444	743.0
798	68.6436	1486.3	913.0
879	48.10138	1177.52727273	690.0
785	43.97225	653.101694915	398.0
791	54.04165	1136.3557047	783.0
598	53.03738	1119.24626866	771.0
782	49.96808	910.835443038	589.0
793	56.82594	1024.71774194	675.0
833	63.88202	1335.5942029	822.0
787	50.04233	988.552631579	641.0
844	41.91534	987.092783505	621.0
845	44.55934	995.182692308	646.0
808	64.88891	1447.26875	941.0
878	49.5623	1102.81578947	669.0
1283	66.95154	1441.03614458	931.0
717	52.53499	949.315217391	611.0
770	69.81117	1419.52830189	940.0
718	44.96607	682.514285714	460.0
726	71.71708	1643.67741935	989.0
752	58.32987	1249.0952381	697.0
780	62.28719	1378.16891892	863.0
828	69.46278	1505.87209302	952.0
755	60.32676	1218.31304348	726.0
733	56.02438	1101.22727273	707.0
835	66.89127	1337.80769231	824.0
837	46.88391	1050.81896552	659.0
727	64.00836	1432.57777778	862.0
868	44.17446	813.316326531	563.0
831	60.30468	1288.15436242	815.0
781	42.60639	966.068965517	564.0
750	46.78462	974.318965517	640.0
596	54.82037	1207.49137931	748.0
830	54.38393	1308.55263158	748.0
862	44.93943	991.15	693.0
869	53.08579	1189.54347826	767.0
842	51.3481	1100.73636364	654.0
732	24.48805	478.523809524	294.0
863	34.45581	872.386363636	513.0
860	63.31868	1226.60869565	814.0
850	52.71472	1194.79166667	736.0
3249	66.77093	1555.11764706	987.0
3293	54.56184	1326.05555556	865.0
3022	78.99649	1605.26404494	1007.0
3247	82.83565	1803.4195122	1135.0
3269	81.51472	1704.51980198	1109.0
3296	75.35396	1610.68627451	965.0
3015	74.5783	1708.75862069	1037.0
3399	50.3503	1135.12080537	773.0
3026	59.60169	1420.78231293	867.0
3398	51.56663	1272.62307692	770.0
3030	53.3306	1328.10638298	812.0
3039	57.89726	1345.77483444	846.0
3264	71.49875	1536.32065217	997.0
3274	73.88067	1649.94375	993.0
3248	71.81282	1455.06535948	923.0
3044	69.75083	1342.38709677	863.0
3018	77.39171	1845.09615385	1039.0
3014	79.08995	1655.4	1112.0
3200	77.22429	1618.13095238	987.0
3028	53.94719	1307.24550898	846.0
3272	51.46685	1194.27272727	796.0
3292	54.92622	1308.28571429	821.0
3109	72.99926	1498.44375	930.0
3040	27.44946	596.013513514	445.0
3185	60.2093	1344.86486486	848.0
3202	61.94307	1367.20338983	905.0
3024	38.92288	870.121495327	624.0
3108	51.70259	1112.69298246	714.0
3143	83.8101	1550.26923077	1034.0
3257	55.64476	1185.37704918	713.0
3027	58.67094	1392.5	806.0
3298	64.54287	1381.12	909.0
3126	74.09338	1517.2826087	990.0
3144	81.19508	1879.18137255	1192.0
3276	46.30716	1211.70895522	774.0
3391	74.82963	1774.70892019	1124.0
3203	60.83933	1401.37735849	902.0
3280	77.89274	1963.21126761	1231.0
3016	85.00007	1866.63959391	1200.0
3289	41.4833	1014.8362069	641.0
3031	49.78643	1093.81632653	729.0
3255	52.79955	1274.13636364	661.0
3034	53.7128	1300.67938931	788.0
3019	27.26731	662.402985075	458.0
3290	44.41425	1062.84615385	664.0
3286	62.17305	1339.47887324	843.0
3205	45.70114	1111.47368421	772.0
3042	60.56796	1491.70588235	782.0
3397	66.92974	1378.53378378	866.0
3273	73.2707	1690.92307692	943.0
3271	67.66671	1488.18604651	854.0
3131	74.91151	1462.18918919	923.0
3279	74.25194	1708.4893617	1097.0
3389	50.6439	1224.99173554	726.0
3101	75.32287	1669.79365079	1059.0
3300	72.48236	1479.27717391	978.0
3123	66.69414	1560.29801325	909.0
3136	62.71013	1441.54545455	835.0
3139	74.87261	1592.91304348	971.0
3032	44.07599	865.413793103	533.0
3244	68.30555	1580.19760479	959.0
3148	64.62672	1311.9787234	846.0
3265	68.50422	1330.22699387	872.0
3297	72.03733	1601.6875	994.0
3275	53.68392	1430.59677419	822.0
3266	70.6999	1579.04081633	928.0
3187	78.79786	1720.66292135	1031.0
3201	53.43004	1284.35507246	787.0
3013	61.27141	1249.64285714	823.0
3256	42.58307	877.512195122	513.0
3099	54.80441	1409.9375	839.0
3245	67.9973	1486.47953216	937.0
3188	56.61901	1370.37226277	828.0
3288	62.15963	1414.89726027	849.0
3299	64.94934	1608.14084507	928.0
3294	57.30823	1447.0	829.0
3400	30.56891	575.076923077	426.0
3186	81.75002	1697.95631068	1114.0
3140	73.68289	1566.26570048	1027.0
3396	62.8598	1213.55629139	816.0
3267	68.36213	1520.20437956	881.0
3035	69.22292	1479.55882353	937.0
3305	60.24184	1163.06040268	774.0
3204	70.43633	1732.63125	1032.0
3395	74.90007	1873.79891304	1077.0
3025	72.51474	1584.49418605	984.0
3141	78.10176	1658.63451777	1038.0
3302	63.16452	1468.30769231	839.0
3303	55.85999	1313.05405405	874.0
3270	69.73561	1401.55704698	874.0
3390	70.45444	1497.02222222	882.0
3020	72.08945	1436.13548387	929.0
3206	43.42994	1090.47222222	721.0
3110	62.18384	1464.73404255	958.0
3142	80.81233	1490.09767442	1047.0
3128	70.32817	1596.00653595	912.0
3041	37.4416	807.375	471.0
3129	73.59029	1547.55921053	952.0
3124	65.79977	1535.0	898.0
3021	34.92716	690.538461538	453.0
3246	57.99832	1182.59663866	704.0
3281	74.95247	1727.17821782	1117.0
3132	53.66671	1324.91366906	847.0
3182	50.61315	1192.26	669.0
3304	58.93266	1085.6	710.0
