	PD_whole_tree	chao1	observed_otus
230	85.07994	2266.1978022	1181.0
247	85.83478	2345.52	1188.0
207	68.82941	1937.63636364	994.0
342	76.2184	1543.01863354	893.0
333	91.5065	2761.70319635	1378.0
265	90.25116	2629.53881279	1381.0
364	81.27378	2466.62068966	1074.0
355	73.84682	1810.96815287	981.0
220	68.81265	1926.20454545	1059.0
341	76.28677	2102.58208955	980.0
272	61.55174	1448.38333333	770.0
226	90.71902	2641.6	1304.0
358	80.41971	2088.32163743	1103.0
346	84.03963	2192.76704545	1106.0
257	64.32159	2115.84313725	1041.0
233	68.72346	1904.00546448	1085.0
392	65.70008	1342.52325581	692.0
347	83.07629	2464.89	1266.0
264	64.55182	1729.97916667	898.0
221	66.68438	1837.18292683	1027.0
383	80.73095	2052.21276596	997.0
223	71.46581	1861.12711864	895.0
283	76.68548	1876.22142857	960.0
213	47.44537	924.951612903	571.0
255	72.83905	2328.2734375	1021.0
251	77.61905	2148.56493506	1062.0
325	92.09363	2627.75555556	1253.0
423	90.46097	2520.2112069	1348.0
245	91.78955	2276.69430052	1237.0
211	80.46192	2269.47337278	1145.0
246	84.00965	2255.09615385	1080.0
189	95.1059	2673.36756757	1282.0
343	86.4379	2353.57894737	1209.0
135	98.268	2582.09210526	1399.0
205	75.79407	2442.78212291	1187.0
212	69.59782	1727.70833333	867.0
147	85.10961	2354.12	1171.0
378	81.52351	2353.85279188	1223.0
266	92.72278	2682.57216495	1311.0
248	73.70029	2171.51123596	1128.0
384	78.62406	2129.0	1015.0
222	83.49962	2347.62702703	1218.0
254	75.53086	2359.97894737	1243.0
258	68.40168	2052.92307692	1046.0
348	75.74402	2068.62424242	1058.0
369	88.16974	2480.38743455	1261.0
353	100.91644	2748.45228216	1452.0
218	78.44104	1941.86046512	1080.0
362	89.73163	2414.28125	1226.0
396	65.55576	1806.0	918.0
279	79.90337	2261.5	1232.0
324	79.61208	1966.01948052	1014.0
203	79.11286	2310.09574468	1236.0
382	87.01323	2545.0	1203.0
338	87.19564	2455.68786127	1191.0
276	75.8563	2087.41954023	1139.0
267	77.39403	2314.09933775	1084.0
198	83.61219	2565.19496855	1214.0
344	81.57183	2543.00595238	1205.0
354	70.57656	1966.07936508	1099.0
394	53.98158	1302.87640449	640.0
229	67.68735	2047.86956522	1005.0
215	71.50737	1989.63694268	1035.0
274	61.43567	1611.8907563	815.0
225	87.91693	2403.6185567	1269.0
139	86.07853	2381.10588235	1148.0
329	79.59828	2180.70945946	1085.0
349	78.55955	2048.12195122	917.0
200	78.62902	2192.1576087	1156.0
239	64.76412	1473.87096774	801.0
275	71.43485	1594.94029851	884.0
381	75.46159	1981.64171123	1093.0
199	71.71225	2178.60606061	1104.0
235	68.72418	1815.125	917.0
376	83.6502	2094.20143885	1012.0
240	67.73033	1731.59146341	977.0
162	92.10824	2290.51388889	1228.0
234	43.78933	1208.0	542.0
357	86.61815	2544.79255319	1262.0
379	78.51588	2273.63535912	1172.0
350	78.692	2094.02521008	916.0
438	67.59886	1652.03333333	752.0
244	45.65746	915.220779221	511.0
326	85.62252	2439.87741935	1133.0
270	61.43961	1739.84313725	931.0
101	71.71633	1764.30252101	846.0
227	75.94072	2042.48076923	1057.0
377	69.18252	1951.28070175	1049.0
436	65.10446	1357.76229508	736.0
217	75.5664	2359.29069767	1211.0
196	75.25113	2019.32835821	1149.0
252	66.58446	1892.35416667	991.0
284	67.98833	1787.40559441	922.0
356	73.94113	2359.69230769	1082.0
206	58.82539	1510.4368932	724.0
197	53.93145	1421.88535032	848.0
337	68.70956	1891.37671233	960.0
256	84.54761	2308.2259887	1203.0
330	71.65959	1674.0794702	900.0
372	54.03865	1538.36734694	720.0
214	76.76272	2482.35483871	1159.0
336	69.02595	1988.63157895	859.0
366	89.42728	2200.76923077	1160.0
172	80.90677	1994.02139037	1068.0
138	64.74253	1491.06315789	717.0
250	71.39704	2121.74683544	1070.0
163	85.6279	2388.50595238	1133.0
375	68.70607	2135.23880597	963.0
370	65.85798	1848.81034483	837.0
374	55.53559	1460.84466019	713.0
340	63.05396	1688.61832061	858.0
216	73.98921	2180.03773585	1124.0
154	80.30292	2021.2284264	1106.0
219	76.40964	2253.9726776	1154.0
334	60.39241	1653.53061224	878.0
367	60.22048	1571.52380952	791.0
100	65.94855	2084.48888889	958.0
180	93.01733	2320.94413408	1207.0
136	85.15239	1849.00483092	1109.0
253	76.56416	2302.47486034	1185.0
371	80.38895	2472.39041096	1098.0
152	80.63563	2096.32608696	954.0
156	84.2617	2291.20253165	1104.0
121	77.80209	1967.87943262	951.0
335	62.57337	1625.48672566	763.0
127	87.22488	2346.80434783	1204.0
145	93.81659	2477.75	1214.0
107	85.87159	2189.32450331	1085.0
111	76.42784	2112.81538462	943.0
361	51.27038	1456.64383562	620.0
331	46.50401	1400.04	595.0
236	37.92058	912.161764706	469.0
191	56.10996	1574.4673913	694.0
435	43.90836	1097.81818182	571.0
153	88.4389	2623.8525641	1170.0
155	58.69906	1646.26666667	776.0
282	77.48923	2169.23602484	1079.0
365	65.17129	1661.1440678	805.0
148	78.30049	2228.82089552	993.0
157	81.48912	2088.38157895	1014.0
123	82.698	2049.75690608	1106.0
151	70.23853	1817.80952381	808.0
117	75.135	2047.00653595	1024.0
99	80.58794	2060.78145695	1050.0
161	85.99488	2063.04926108	1136.0
150	86.44988	2288.44444444	1169.0
332	57.13587	1418.13953488	765.0
132	65.38284	1549.51181102	830.0
177	54.3176	1216.37837838	663.0
389	48.83452	1102.78409091	555.0
149	61.6858	1519.02777778	769.0
597	84.02617	2720.53846154	1356.0
861	64.70148	2384.15859031	1388.0
864	64.45795	2477.46976744	1359.0
599	73.55235	2464.07575758	1232.0
811	93.17463	3145.07394366	1624.0
771	73.76342	2030.02238806	948.0
875	63.09128	1727.65217391	959.0
783	74.95507	2000.76923077	1116.0
859	92.25926	2636.17142857	1320.0
858	75.78706	2251.16763006	1124.0
876	77.23014	2259.22413793	1106.0
848	95.29047	2909.08810573	1455.0
852	68.47489	1857.00645161	956.0
773	94.53432	2613.28085106	1373.0
839	79.38242	2311.44392523	1239.0
822	82.13539	2656.65217391	1246.0
832	82.79185	2720.91017964	1218.0
819	99.24856	3017.20481928	1551.0
816	102.60752	2960.92217899	1547.0
728	88.20704	3146.45856354	1363.0
841	71.99531	2253.68421053	1095.0
775	65.99323	1736.63945578	888.0
756	76.48134	2014.16	1094.0
843	90.79082	2340.93055556	1250.0
867	85.14874	2383.3125	1288.0
851	98.7615	2871.59915612	1472.0
784	60.79903	1467.65467626	801.0
873	73.04999	2310.46385542	1132.0
804	75.63326	2190.44385027	1114.0
821	65.73061	2011.32163743	1026.0
779	94.41319	2755.36051502	1411.0
836	80.54148	2366.04830918	1201.0
754	79.24613	2336.55555556	1143.0
826	84.20362	2871.68181818	1263.0
716	82.24201	2280.36842105	1187.0
751	88.14141	2473.07246377	1264.0
818	101.20129	3071.15662651	1532.0
758	85.31324	2486.14720812	1269.0
838	74.79734	2131.1686747	1088.0
883	94.50027	2213.95522388	1350.0
778	68.97337	2043.28301887	1009.0
834	93.06374	2741.41269841	1279.0
849	81.97613	2129.31958763	1137.0
815	96.14347	2737.22457627	1430.0
817	97.3287	2731.66063348	1392.0
794	95.28352	2640.15384615	1376.0
777	94.04398	3120.82511211	1476.0
820	100.05288	3195.00411523	1567.0
807	83.87376	2418.57923497	1223.0
882	92.0557	2722.72330097	1341.0
786	105.45046	2900.86956522	1575.0
829	76.88606	2268.77889447	1166.0
801	96.80096	3009.5037037	1564.0
814	107.11367	3195.50931677	1754.0
857	65.60655	2098.12878788	1350.0
798	90.72264	2898.32110092	1358.0
879	62.79898	2226.06578947	1028.0
785	56.59598	1203.10638298	643.0
791	75.60575	2310.31983806	1317.0
598	71.48819	2412.03092784	1236.0
782	64.70723	1730.5	980.0
793	74.74583	2162.0862069	1077.0
833	81.49535	2510.83333333	1222.0
787	64.88568	2044.32608696	978.0
844	54.93083	2104.45238095	958.0
845	59.82223	1717.91712707	998.0
808	89.14213	2892.76293103	1463.0
878	65.85063	1891.1372549	947.0
1283	87.10468	2889.88834951	1377.0
717	71.90386	1790.0505618	1058.0
770	93.13194	2779.67953668	1524.0
718	60.06564	1398.73387097	787.0
726	99.80327	3251.80681818	1654.0
752	73.05263	2207.44444444	1002.0
780	80.99864	2611.27624309	1248.0
828	90.77617	3136.83823529	1430.0
755	77.08592	2287.79518072	1098.0
733	73.09581	2035.11111111	1122.0
835	88.05855	2340.7970297	1228.0
837	61.16597	2130.66423358	980.0
727	88.18264	2696.89830508	1393.0
868	57.95185	1514.28846154	898.0
831	78.92219	2370.5026178	1176.0
781	57.97396	1829.61904762	871.0
750	66.02491	2023.01694915	1048.0
596	79.33068	2344.4	1242.0
830	70.30855	2477.82222222	1061.0
862	64.01986	2124.49295775	1209.0
869	70.83585	2175.37055838	1160.0
842	65.11551	1905.75912409	917.0
732	36.90039	960.666666667	598.0
863	43.70885	1505.42857143	731.0
860	84.37793	2380.53658537	1221.0
850	66.95942	2082.53448276	1029.0
3249	92.73503	3558.27777778	1686.0
3293	76.41305	2891.17721519	1422.0
3022	104.62962	3357.88235294	1605.0
3247	112.79705	3814.83382789	1922.0
3269	112.93915	3716.86688312	1860.0
3296	105.41938	3313.41568627	1623.0
3015	104.64374	3723.98892989	1738.0
3399	71.15237	2459.81105991	1267.0
3026	83.744	3269.08	1405.0
3398	72.69594	2769.87244898	1275.0
3030	75.12519	2837.55656109	1355.0
3039	81.43599	3051.05963303	1392.0
3264	103.71861	3735.3245283	1720.0
3274	101.79424	3517.3618677	1666.0
3248	100.03744	3213.79323308	1628.0
3044	93.6565	2875.62962963	1396.0
3018	102.89715	3790.48927039	1651.0
3014	109.51815	3834.03367003	1821.0
3200	98.3504	2928.87659574	1486.0
3028	76.40626	2940.40444444	1378.0
3272	72.4741	2730.48165138	1344.0
3292	76.42639	2882.66666667	1372.0
3109	94.86749	3099.13270142	1441.0
3040	41.63335	1439.84313725	862.0
3185	81.13037	2830.39013453	1372.0
3202	82.30585	2815.22177419	1438.0
3024	54.41589	1993.50867052	1092.0
3108	71.06184	2416.8974359	1233.0
3143	112.08498	3412.17829457	1687.0
3257	73.17902	2532.68987342	1110.0
3027	78.61762	3052.65384615	1301.0
3298	91.29197	3228.90909091	1558.0
3126	96.6609	3136.90588235	1561.0
3144	111.07924	4264.63973064	1966.0
3276	68.68521	3037.07109005	1371.0
3391	99.99441	3715.875	1749.0
3203	80.77508	2883.63636364	1430.0
3280	113.74783	4693.03125	2115.0
3016	120.08586	4320.31578947	2067.0
3289	61.16779	2339.62694301	1161.0
3031	65.98055	2433.88953488	1127.0
3255	68.51806	2508.60273973	1055.0
3034	74.06541	2943.69270833	1304.0
3019	43.69583	1490.75595238	908.0
3290	64.67188	2273.63414634	1164.0
3286	86.32297	2676.82743363	1377.0
3205	67.93971	2797.75965665	1450.0
3042	81.44108	2656.87700535	1265.0
3397	92.31642	2908.24444444	1434.0
3273	98.96102	3522.74056604	1520.0
3271	92.30529	3109.30555556	1427.0
3131	99.19958	3016.07142857	1452.0
3279	104.74799	4067.82698962	1884.0
3389	67.08317	2510.76836158	1160.0
3101	101.05781	3690.30588235	1700.0
3300	101.84081	3613.56153846	1677.0
3123	87.7292	3323.48241206	1402.0
3136	81.6398	2963.7	1290.0
3139	97.55342	3213.20779221	1516.0
3032	58.61477	1906.50381679	904.0
3244	93.32389	3385.15	1558.0
3148	86.41143	2903.18274112	1361.0
3265	89.34063	2963.10344828	1365.0
3297	101.1802	3693.67078189	1634.0
3275	74.15531	2976.44174757	1382.0
3266	98.02161	3408.56903766	1562.0
3187	104.28872	3386.40963855	1614.0
3201	71.56662	2530.8	1197.0
3013	82.30531	2848.48514851	1329.0
3256	55.43896	1666.09090909	786.0
3099	75.06182	3031.87692308	1335.0
3245	93.11071	3054.07865169	1549.0
3188	75.17157	2909.21578947	1302.0
3288	82.77786	3065.5	1366.0
3299	94.95227	3884.09859155	1595.0
3294	78.18283	3174.05670103	1349.0
3400	45.2266	1411.34751773	834.0
3186	107.43928	3589.75686275	1697.0
3140	99.63104	3109.40569395	1582.0
3396	82.58041	2539.67924528	1288.0
3267	99.46777	3390.06550218	1536.0
3035	88.59142	2904.56756757	1392.0
3305	81.78435	2556.16267943	1290.0
3204	97.76024	4110.4	1686.0
3395	97.55574	3490.62878788	1640.0
3025	99.93852	3536.19521912	1625.0
3141	103.86713	3706.34666667	1583.0
3302	91.71451	3189.04329004	1488.0
3303	81.62545	2813.52189781	1591.0
3270	92.95813	2848.27586207	1415.0
3390	97.11744	3292.06818182	1510.0
3020	99.58317	3045.38652482	1614.0
3206	63.61906	2518.26470588	1319.0
3110	84.44729	3229.96	1539.0
3142	106.58682	3229.2826087	1654.0
3128	93.23769	3272.52631579	1422.0
3041	48.58474	1570.08403361	795.0
3129	97.78195	3091.52838428	1501.0
3124	87.78455	3207.12844037	1433.0
3021	49.9325	1605.23893805	789.0
3246	79.65158	2548.50819672	1177.0
3281	104.66558	3863.66089965	1855.0
3132	77.76334	3113.98630137	1478.0
3182	62.88062	2266.96992481	987.0
3304	79.09667	2398.2513089	1186.0
