	PD_whole_tree	chao1	observed_otus
230	95.70571	2942.3880597	1384.0
247	93.96142	2936.60427807	1341.0
207	75.22052	2179.83636364	1098.0
342	82.92259	2009.08280255	1005.0
333	101.95237	3673.11210762	1583.0
265	100.29611	3346.94142259	1582.0
364	87.18661	2928.84615385	1195.0
355	79.33865	2102.61271676	1088.0
220	77.12719	2542.1	1210.0
341	82.81714	2572.79166667	1099.0
272	65.83901	1716.0546875	855.0
226	99.58882	3415.6443299	1485.0
358	88.0488	2595.92857143	1244.0
346	93.99065	2762.34375	1272.0
257	68.9941	2486.00598802	1156.0
233	75.65833	2531.32402235	1234.0
392	69.04437	1408.95	741.0
347	94.96977	3255.09589041	1477.0
264	69.50282	2131.81578947	1008.0
221	72.44431	2264.11538462	1172.0
383	90.24073	2599.65243902	1167.0
223	78.5577	2169.06896552	1027.0
283	82.48758	2251.36184211	1077.0
213	49.77744	1071.16176471	628.0
255	78.92492	2808.20437956	1133.0
251	84.45631	2735.12418301	1186.0
325	102.44768	3230.01960784	1432.0
423	99.88541	3352.58823529	1557.0
245	99.99859	2859.05050505	1387.0
211	86.93013	2834.84615385	1269.0
246	93.39051	2893.75	1231.0
189	103.3559	3398.41935484	1431.0
343	96.42575	2892.69194313	1378.0
135	108.99302	3407.54320988	1626.0
205	84.99378	3080.22680412	1362.0
212	75.93533	1942.23776224	973.0
147	95.74353	3098.57142857	1365.0
378	88.38941	2956.01515152	1362.0
266	102.21676	3578.75	1511.0
248	81.17518	2661.61052632	1265.0
384	85.57826	2667.20689655	1140.0
222	90.92997	2976.0	1382.0
254	84.51817	3059.0	1429.0
258	76.2757	2490.15168539	1197.0
348	87.49212	2680.0982659	1217.0
369	100.69665	3205.06880734	1483.0
353	111.25514	3685.004	1679.0
218	87.11992	2647.6626506	1224.0
362	98.14161	2901.84390244	1370.0
396	71.71284	2150.37931034	1032.0
279	90.77656	3007.29223744	1459.0
324	87.96579	2611.98734177	1168.0
203	86.15547	2944.01538462	1394.0
382	95.21643	3088.67875648	1370.0
338	95.36868	3100.8972973	1356.0
276	84.41144	2572.43478261	1322.0
267	86.28484	2841.57055215	1227.0
198	91.69593	3440.62650602	1398.0
344	91.15451	3212.84324324	1380.0
354	79.54655	2496.7184466	1268.0
394	57.46359	1363.03603604	704.0
229	74.3397	2513.67346939	1127.0
215	79.30274	2361.28333333	1175.0
274	66.12068	1891.04761905	897.0
225	94.95914	2870.22058824	1400.0
139	94.26728	3002.89189189	1314.0
329	87.03447	2505.01666667	1230.0
349	84.96325	2558.11538462	1034.0
200	88.35167	2786.75598086	1348.0
239	70.76524	1669.34042553	881.0
275	76.06363	1852.53020134	978.0
381	85.70987	2563.94472362	1256.0
199	79.72301	2891.83707865	1297.0
235	76.19855	2343.19014085	1065.0
376	93.4577	2620.23225806	1157.0
240	74.05698	2200.76704545	1114.0
162	101.22164	2837.51101322	1387.0
234	47.25433	1500.63076923	593.0
357	96.14179	3036.74193548	1436.0
379	89.05207	2942.0	1360.0
350	87.42451	2821.69105691	1059.0
438	72.25326	1937.67647059	834.0
244	51.21517	1224.01265823	586.0
326	93.49069	2950.52	1285.0
270	65.99772	2050.89308176	1013.0
101	78.96125	2215.61068702	969.0
227	83.45249	2620.71428571	1214.0
377	75.1519	2367.88826816	1164.0
436	69.42365	1572.0	802.0
217	86.34952	3087.32835821	1433.0
196	85.28926	2656.60444444	1351.0
252	71.89538	2266.62179487	1107.0
284	75.51256	2308.04195804	1043.0
356	81.70952	2739.62732919	1207.0
206	61.78624	1643.25	777.0
197	60.14909	1859.75925926	978.0
337	75.37068	2459.39041096	1085.0
256	92.97809	2937.00518135	1387.0
330	77.56818	2031.68627451	994.0
372	58.5926	1762.79439252	789.0
214	84.03418	3115.36842105	1325.0
336	74.268	2324.79661017	936.0
366	99.74378	2889.72727273	1327.0
172	88.77659	2478.79255319	1196.0
138	68.31404	1687.70588235	775.0
250	78.81636	2710.03773585	1202.0
163	93.20616	2913.97237569	1274.0
375	76.95391	2665.79310345	1097.0
370	70.9705	2260.22131148	931.0
374	61.88501	1706.24390244	814.0
340	69.87009	2095.0212766	977.0
216	81.86005	2891.67283951	1285.0
154	86.76037	2311.38207547	1216.0
219	84.1549	2884.90555556	1291.0
334	65.95888	1984.11258278	966.0
367	66.16682	1970.00740741	896.0
100	73.81539	2587.77304965	1078.0
180	104.43438	3065.275	1423.0
136	95.33572	2543.53744493	1339.0
253	84.16573	2793.9	1348.0
371	87.5193	2935.53614458	1239.0
152	88.75054	2603.2	1105.0
156	93.2488	2723.30726257	1249.0
121	84.30675	2384.32885906	1063.0
335	67.31966	1712.48120301	830.0
127	96.16835	2831.46766169	1347.0
145	105.49449	3267.47894737	1404.0
107	95.45044	2729.31952663	1240.0
111	83.78453	2737.40145985	1077.0
361	54.94699	1579.76136364	682.0
331	51.59394	1768.01351351	657.0
236	39.85426	1008.375	504.0
191	59.06989	1681.01010101	745.0
435	48.44194	1503.28947368	634.0
153	97.4436	3218.6440678	1340.0
155	63.85896	1993.6635514	851.0
282	83.43407	2623.53216374	1201.0
365	70.65794	2135.92857143	889.0
148	87.5735	2774.66666667	1139.0
157	90.18539	2748.98742138	1166.0
123	90.91195	2525.63861386	1262.0
151	77.10502	2266.55555556	899.0
117	82.67314	2488.0887574	1158.0
99	94.23867	2579.18536585	1306.0
161	94.11878	2581.02325581	1292.0
150	96.53376	2956.01485149	1350.0
332	61.75471	1724.54545455	873.0
132	70.51995	1842.24626866	915.0
177	58.07274	1463.89473684	732.0
389	50.90465	1272.0	590.0
149	69.06723	2036.99137931	896.0
597	93.76479	3339.51428571	1599.0
861	76.23159	3271.3880597	1694.0
864	77.2156	3607.76305221	1693.0
599	81.35782	3022.25764192	1428.0
811	108.34452	4140.05523256	1982.0
771	82.42428	2829.46979866	1145.0
875	69.107	2190.38095238	1092.0
783	86.42222	2782.17142857	1365.0
859	102.30075	3253.3125	1530.0
858	86.43237	2941.45652174	1303.0
876	87.09001	2798.49253731	1287.0
848	108.2569	3603.0	1695.0
852	75.88676	2260.16	1099.0
773	107.42098	3345.75	1613.0
839	86.12026	2955.20379147	1387.0
822	91.19258	3125.17142857	1411.0
832	91.69799	3360.43243243	1387.0
819	109.76736	3638.18518519	1798.0
816	112.07929	4052.112	1773.0
728	101.47706	4068.9953271	1631.0
841	78.6806	2639.58730159	1224.0
775	72.94844	2144.27710843	1029.0
756	86.35911	2553.29901961	1288.0
843	101.36311	3013.88841202	1447.0
867	93.8649	2926.93951613	1472.0
851	110.5802	3623.19101124	1711.0
784	66.77472	1925.5177305	920.0
873	82.20413	2803.46907216	1305.0
804	84.65721	2794.00520833	1264.0
821	71.31757	2426.32	1138.0
779	107.56301	3602.67527675	1685.0
836	89.26206	2941.97297297	1366.0
754	87.707	3047.71052632	1319.0
826	92.64084	3336.25	1420.0
716	93.57709	3061.30188679	1458.0
751	98.06454	3260.06696429	1490.0
818	111.77422	3752.975	1756.0
758	96.56078	3267.01363636	1497.0
838	82.80956	2639.68062827	1258.0
883	105.31434	2880.5979021	1571.0
778	78.37579	2532.94240838	1204.0
834	102.1566	3239.53301887	1440.0
849	92.30877	2730.79385965	1350.0
815	106.56406	3527.13953488	1664.0
817	107.67793	3416.05857741	1593.0
794	106.8166	3515.0242915	1628.0
777	104.16316	4036.67768595	1713.0
820	111.44689	3799.44405594	1796.0
807	92.39824	2962.83710407	1436.0
882	104.52898	3366.31818182	1562.0
786	123.94157	3837.24709302	1940.0
829	83.52182	2817.76884422	1295.0
801	109.22497	3700.18360656	1811.0
814	120.2749	4125.4469914	2040.0
857	76.0417	2875.63245033	1644.0
798	100.3341	3405.7037037	1535.0
879	70.54992	2720.29166667	1171.0
785	65.80794	1539.37984496	811.0
791	87.51641	2963.33684211	1569.0
598	79.79779	2889.89361702	1440.0
782	74.31226	2542.12426036	1216.0
793	83.18756	2815.9144385	1245.0
833	88.28688	2970.6507177	1364.0
787	73.06758	2357.81967213	1155.0
844	62.12343	2637.5942029	1095.0
845	66.91427	2377.66489362	1182.0
808	100.56525	3843.38955823	1711.0
878	70.01584	2180.85465116	1058.0
1283	95.86025	3692.96330275	1577.0
717	85.30966	2647.15384615	1383.0
770	105.49707	3717.82068966	1826.0
718	69.88109	1829.69364162	1004.0
726	113.53871	4234.62461538	2010.0
752	80.28004	2733.28025478	1175.0
780	90.9949	3236.22058824	1434.0
828	100.21759	3615.74509804	1653.0
755	86.57695	2786.109375	1276.0
733	84.30639	2799.5462963	1364.0
835	98.57614	2876.56410256	1424.0
837	67.24575	2560.98734177	1117.0
727	99.04096	3455.3011583	1622.0
868	65.28491	1854.9375	1060.0
831	85.7289	2864.0	1306.0
781	64.77562	2254.5323741	996.0
750	74.73811	2605.02702703	1202.0
596	88.99309	2979.41338583	1474.0
830	77.46449	2800.17391304	1188.0
862	74.31054	2858.2749004	1481.0
869	80.85723	2569.54347826	1332.0
842	69.90542	2231.1875	1004.0
732	44.19767	1326.45238095	805.0
863	47.93283	1808.3	814.0
860	92.583	2795.0	1371.0
850	72.16862	2505.52717391	1153.0
3249	105.15783	4676.36713287	1960.0
3293	86.30482	3937.63265306	1664.0
3022	117.93346	4598.59778598	1904.0
3247	129.57204	4983.94594595	2261.0
3269	131.50419	4985.0989011	2260.0
3296	121.10408	4634.25	1995.0
3015	120.84951	5021.16831683	2078.0
3399	80.77913	3395.92511013	1497.0
3026	94.2085	4316.01395349	1641.0
3398	81.99508	3481.18584071	1495.0
3030	85.28569	3884.00442478	1589.0
3039	90.91884	3873.8375	1614.0
3264	118.26347	4982.16723549	2038.0
3274	118.38462	5124.85714286	2032.0
3248	115.31716	4422.73801917	2004.0
3044	105.05075	3646.02380952	1644.0
3018	116.63734	5149.90384615	1972.0
3014	123.52247	4975.07453416	2122.0
3200	111.4029	3767.79120879	1762.0
3028	85.11652	3753.45679012	1598.0
3272	83.29247	3684.41666667	1599.0
3292	86.27267	3913.4893617	1610.0
3109	106.26348	4156.98283262	1707.0
3040	49.81658	2034.62433862	1087.0
3185	89.68122	3714.08119658	1588.0
3202	92.60374	3750.17110266	1684.0
3024	64.34357	2682.57692308	1325.0
3108	79.75529	3382.00465116	1492.0
3143	123.76492	4389.84697509	1952.0
3257	81.79858	3162.6875	1278.0
3027	89.79895	4105.16145833	1514.0
3298	106.7324	4564.77738516	1907.0
3126	108.64439	4037.53684211	1827.0
3144	128.38487	5794.49552239	2362.0
3276	78.24623	4085.04444444	1614.0
3391	111.87825	4788.71760797	2018.0
3203	92.2215	3830.078125	1687.0
3280	131.58001	6420.05932203	2535.0
3016	138.18873	5694.2109375	2499.0
3289	71.09441	3231.16589862	1404.0
3031	71.80068	3010.92178771	1261.0
3255	74.71919	3009.61111111	1201.0
3034	83.26667	3981.55102041	1509.0
3019	52.70252	2238.06382979	1147.0
3290	76.05468	3261.47297297	1427.0
3286	97.97184	3514.71153846	1647.0
3205	77.92802	3751.13186813	1753.0
3042	92.97026	3502.32126697	1535.0
3397	106.65636	3862.07392996	1711.0
3273	113.37902	4747.9375	1820.0
3271	105.24679	4176.25726141	1700.0
3131	112.96064	4001.81673307	1753.0
3279	120.60445	5700.16720257	2252.0
3389	74.06166	3068.7	1310.0
3101	113.95568	4856.0	2003.0
3300	114.47632	4630.37328767	1957.0
3123	97.62293	4058.23214286	1609.0
3136	88.72218	3728.14285714	1470.0
3139	110.84759	4191.51162791	1780.0
3032	64.25688	2333.17948718	1055.0
3244	104.36981	4443.0490566	1827.0
3148	97.55317	3838.5042735	1635.0
3265	97.90381	3710.77578475	1564.0
3297	113.20716	5096.609375	1934.0
3275	86.48411	3895.16115702	1654.0
3266	113.27786	4915.02307692	1903.0
3187	120.20648	4605.17021277	1951.0
3201	80.92934	3364.16580311	1392.0
3013	93.96339	3641.40086207	1561.0
3256	59.37417	2111.02459016	887.0
3099	86.17912	4206.7184466	1584.0
3245	104.70208	4055.2358804	1845.0
3188	83.54415	3783.37810945	1498.0
3288	92.16843	3914.87892377	1589.0
3299	110.50714	4958.48235294	1907.0
3294	87.75807	4211.68181818	1556.0
3400	52.34438	2019.73529412	1049.0
3186	119.0328	4629.8125	1954.0
3140	110.70965	4047.17449664	1834.0
3396	92.02878	3200.53846154	1515.0
3267	113.3785	4844.12195122	1856.0
3035	98.58641	3930.87892377	1605.0
3305	91.31185	3360.25	1537.0
3204	110.74006	5326.25	1961.0
3395	109.84409	4592.26595745	1912.0
3025	114.16516	4930.7	1966.0
3141	115.57157	4697.91967871	1828.0
3302	108.00049	4425.40540541	1821.0
3303	96.74839	3875.79310345	2020.0
3270	105.07028	3747.0	1673.0
3390	112.93626	4272.42238267	1854.0
3020	113.13504	3985.89850746	1948.0
3206	76.03857	3662.78414097	1618.0
3110	94.90741	4339.76045627	1797.0
3142	119.84257	4152.21864952	1942.0
3128	101.64113	3911.13983051	1613.0
3041	56.67712	2079.3125	965.0
3129	111.29426	4167.78656126	1783.0
3124	100.23653	4060.44081633	1669.0
3021	58.35203	2095.0	961.0
3246	89.86916	3365.35960591	1399.0
3281	120.14139	5214.89937107	2201.0
3132	87.80065	4024.73622047	1752.0
3182	68.15295	2888.27205882	1115.0
3304	89.30262	3088.30555556	1406.0
