	PD_whole_tree	chao1	observed_otus
230	61.39702	1310.52293578	691.0
247	63.45105	1513.15463918	715.0
207	50.3147	1306.80487805	604.0
342	54.74475	1125.35897436	531.0
333	60.98473	1705.75257732	746.0
265	63.62748	1603.66666667	809.0
364	55.35814	1412.44155844	601.0
355	53.34277	1121.55913978	583.0
220	50.00276	1377.33333333	619.0
341	55.25941	1394.734375	567.0
272	44.19395	1029.75862069	467.0
226	66.11027	1555.14563107	753.0
358	58.8332	1405.10526316	663.0
346	59.60712	1365.11111111	627.0
257	43.11197	1168.35897436	574.0
233	48.9414	1133.52941176	630.0
392	49.65621	800.739130435	442.0
347	59.46018	1650.06382979	714.0
264	42.58477	1112.13043478	509.0
221	49.0484	1233.72340426	635.0
383	55.19917	1236.56962025	566.0
223	51.68177	1203.12307692	545.0
283	53.91931	1131.81707317	559.0
213	41.41294	666.418604651	410.0
255	52.96059	1211.93975904	597.0
251	55.17238	1351.3255814	633.0
325	65.70883	1705.5	750.0
423	62.85754	1556.7826087	751.0
245	67.87252	1430.07692308	723.0
211	56.2088	1406.28712871	682.0
246	59.60556	1360.85714286	608.0
189	67.72954	1720.37078652	727.0
343	62.32222	1404.30172414	706.0
135	70.9619	1589.87401575	812.0
205	51.53689	1585.06097561	660.0
212	49.19632	931.776470588	514.0
147	61.77939	1369.28282828	676.0
378	56.96168	1538.05882353	708.0
266	66.00963	1541.25925926	742.0
248	51.9911	1320.11363636	634.0
384	55.25145	1137.28	601.0
222	59.13427	1557.8	722.0
254	54.25834	1591.74489796	732.0
258	47.2041	1193.33663366	616.0
348	52.91792	1275.17977528	620.0
369	62.5706	1386.06	696.0
353	70.17738	1735.54471545	828.0
218	57.66148	1197.13461538	643.0
362	62.80851	1281.43697479	689.0
396	46.49837	1009.2	550.0
279	54.97688	1411.91919192	696.0
324	56.71857	1178.06024096	586.0
203	58.2397	1586.66666667	748.0
382	59.53042	1517.22580645	672.0
338	61.84439	1419.67961165	687.0
276	53.38854	1131.35643564	651.0
267	54.54508	1434.13483146	642.0
198	59.82945	1528.15463918	730.0
344	57.28409	1431.15625	685.0
354	50.38353	1305.70588235	658.0
394	38.19799	663.515625	371.0
229	47.45274	1169.34482759	590.0
215	50.59585	1159.22340426	606.0
274	43.94782	1067.38709677	486.0
225	63.97194	1628.97894737	755.0
139	59.49386	1482.33333333	661.0
329	58.34507	1329.21052632	649.0
349	55.36941	1138.08108108	532.0
200	56.11195	1477.72093023	671.0
239	47.83477	992.418918919	487.0
275	53.64813	1104.04878049	568.0
381	52.95127	1273.7	622.0
199	49.33764	1179.13953488	615.0
235	49.54991	1073.0	540.0
376	62.99364	1322.58441558	609.0
240	47.75958	1027.56122449	576.0
162	67.89749	1608.05555556	730.0
234	31.17435	652.622222222	322.0
357	59.00938	1438.73451327	729.0
379	55.21043	1369.28282828	676.0
350	54.07002	1096.2027027	526.0
438	49.38932	871.0	457.0
244	34.57164	683.135135135	313.0
326	61.27229	1355.14285714	651.0
270	44.1119	1113.42045455	555.0
101	51.16757	940.463414634	491.0
227	55.6473	1362.16129032	640.0
377	47.21167	1141.15384615	600.0
436	46.55759	900.098360656	426.0
217	55.35279	1594.90526316	738.0
196	50.07374	1182.22222222	658.0
252	47.21383	1188.94318182	598.0
284	48.99925	1201.5	531.0
356	48.98396	1243.92134831	604.0
206	40.55643	792.904761905	414.0
197	37.08453	943.858974359	492.0
337	47.8395	1118.85714286	548.0
256	59.66975	1536.94382022	715.0
330	49.57078	1027.83529412	528.0
372	37.39902	887.509090909	417.0
214	57.01559	1392.22330097	682.0
336	47.78288	1097.29577465	503.0
366	66.35697	1547.95454545	725.0
172	56.5469	1315.96808511	617.0
138	48.23256	899.238095238	444.0
250	51.16848	1238.03061224	629.0
163	59.65065	1317.84536082	633.0
375	48.55749	1179.47368421	537.0
370	42.32592	1043.38709677	462.0
374	38.60363	788.681818182	417.0
340	44.09625	1167.63076923	505.0
216	54.48159	1306.00980392	676.0
154	56.19825	1260.89320388	637.0
219	54.41654	1310.70588235	663.0
334	42.28884	1326.04761905	526.0
367	41.80073	886.397058824	454.0
100	44.81369	1172.01265823	546.0
180	63.80687	1301.34615385	680.0
136	58.23906	1208.64130435	615.0
253	54.91771	1414.89908257	701.0
371	56.12133	1376.5	620.0
152	52.28128	1156.0	511.0
156	60.93396	1432.38636364	644.0
121	57.7451	994.121495327	558.0
335	42.01362	905.803571429	419.0
127	63.33155	1312.11904762	707.0
145	66.50889	1320.47826087	691.0
107	60.36873	1193.34285714	638.0
111	53.98464	1122.0	516.0
361	36.66318	858.826086957	368.0
331	32.65593	695.352941176	347.0
236	27.56534	584.097560976	293.0
191	39.8861	1014.62	407.0
435	30.35899	694.615384615	342.0
153	62.75324	1462.21875	668.0
155	41.15686	986.516666667	451.0
282	54.85741	1289.5625	611.0
365	45.38724	918.881578947	469.0
148	55.62107	1353.33333333	567.0
157	53.86961	1392.30434783	562.0
123	58.88993	1193.08547009	653.0
151	47.17473	825.442857143	436.0
117	51.97139	1109.3627451	590.0
99	57.52911	1116.34782609	589.0
161	62.29424	1501.72043011	665.0
150	60.98123	1510.1744186	664.0
332	39.36309	881.558823529	442.0
132	44.54315	921.134328358	464.0
177	37.0679	845.466666667	395.0
389	32.40993	650.957446809	312.0
149	44.94671	903.642857143	459.0
597	59.36995	1463.0877193	749.0
861	42.83788	1432.32846715	787.0
864	40.72111	1349.624	749.0
599	48.16859	1494.25	663.0
811	59.54103	1787.528	833.0
771	50.28157	1185.46753247	535.0
875	41.9669	945.288659794	531.0
783	52.67858	1044.70192308	596.0
859	62.85492	1546.71171171	735.0
858	51.38188	1138.01010101	593.0
876	51.20926	1145.66666667	594.0
848	66.61117	1625.16153846	806.0
852	46.25585	1207.07228916	557.0
773	64.30009	1650.09090909	752.0
839	55.00259	1537.52678571	714.0
822	54.96351	1386.92523364	678.0
832	56.56681	1482.37113402	672.0
819	71.95316	1911.88888889	893.0
816	69.14648	1805.40740741	859.0
728	60.43822	1787.49462366	749.0
841	50.15677	1379.55421687	601.0
775	46.23532	1022.64705882	509.0
756	56.41212	1165.0	629.0
843	65.23776	1376.31932773	699.0
867	60.15494	1409.77272727	740.0
851	68.06601	1588.1942446	832.0
784	41.5726	940.442857143	452.0
873	48.33637	1383.0	641.0
804	53.21332	1352.66666667	645.0
821	45.54621	1186.21052632	576.0
779	65.20351	1612.5862069	780.0
836	56.56443	1475.00980392	665.0
754	55.71463	1230.13793103	648.0
826	57.67822	1624.94117647	708.0
716	58.4848	1307.22105263	668.0
751	60.93109	1503.00980392	693.0
818	69.33477	1854.33333333	810.0
758	59.2496	1466.8440367	720.0
838	50.14505	1140.85	598.0
883	65.62052	1630.50793651	789.0
778	50.27385	1313.20512821	570.0
834	65.43374	1509.73584906	711.0
849	58.28953	1232.92523364	629.0
815	66.84567	1822.33962264	787.0
817	69.63902	1806.22429907	798.0
794	67.27687	1474.97014925	777.0
777	64.31951	1691.57024793	800.0
820	70.63871	1900.02325581	878.0
807	56.92802	1284.2952381	662.0
882	62.47584	1583.33333333	760.0
786	73.18362	1681.20289855	862.0
829	53.00359	1341.00925926	653.0
801	65.12201	1583.0	818.0
814	73.1648	2127.06849315	977.0
857	42.03275	1272.02040816	756.0
798	56.90967	1470.96610169	711.0
879	43.16414	1254.50561798	580.0
785	39.89953	692.660377358	375.0
791	52.9008	1526.12149533	731.0
598	50.07715	1336.79130435	704.0
782	46.15612	842.2	541.0
793	52.39339	1357.96341463	596.0
833	56.92437	1362.05769231	666.0
787	44.1958	1062.11111111	547.0
844	37.75608	1244.68	547.0
845	41.31756	1188.6	573.0
808	60.9418	1839.75833333	825.0
878	44.24207	1265.0	560.0
1283	61.64327	1607.05555556	757.0
717	51.96689	1222.01265823	596.0
770	63.78047	1607.42068966	857.0
718	43.68946	762.868421053	443.0
726	65.97398	1651.53956835	862.0
752	51.45885	1390.875	581.0
780	57.07129	1407.88135593	718.0
828	63.10032	1850.94117647	811.0
755	54.08898	1299.17045455	617.0
733	53.64456	1346.58163265	650.0
835	62.50106	1327.34210526	689.0
837	42.10199	1160.98863636	559.0
727	60.669	1544.69230769	749.0
868	40.63199	959.858974359	508.0
831	53.86985	1387.1559633	666.0
781	37.62156	991.405797101	469.0
750	44.02165	1197.42857143	559.0
596	51.94332	1393.73267327	677.0
830	46.43615	1337.23529412	598.0
862	42.0046	1353.65517241	693.0
869	46.68566	1200.08264463	642.0
842	44.30539	1089.13333333	507.0
732	23.93597	581.386363636	324.0
863	30.07849	867.161764706	424.0
860	54.95233	1557.39784946	669.0
850	44.38549	1476.08450704	571.0
3249	59.73783	1877.18493151	873.0
3293	47.98198	1773.13392857	768.0
3022	70.80776	1785.11510791	855.0
3247	76.81042	2186.875	1003.0
3269	75.84956	2199.62758621	985.0
3296	71.69867	1769.31690141	866.0
3015	69.91448	2129.35714286	896.0
3399	46.39642	1331.75	680.0
3026	54.98579	1689.40366972	746.0
3398	48.33852	1486.34285714	680.0
3030	49.13738	1573.00925926	715.0
3039	52.77246	1754.0	729.0
3264	69.09697	1998.0625	915.0
3274	70.41394	1928.6618705	901.0
3248	67.35947	1865.38970588	877.0
3044	63.91388	1552.25	770.0
3018	67.49171	1896.10714286	891.0
3014	70.91999	2009.35947712	942.0
3200	69.28473	1813.224	843.0
3028	50.53069	1717.29245283	730.0
3272	48.51539	1582.41463415	739.0
3292	48.94117	1648.1875	726.0
3109	67.48076	1775.0	809.0
3040	28.81629	945.458333333	485.0
3185	57.23657	1677.25	751.0
3202	53.73225	1648.66101695	754.0
3024	35.60669	1246.56666667	610.0
3108	47.93047	1285.0	676.0
3143	75.54827	2019.1875	940.0
3257	49.70181	1453.39759036	604.0
3027	52.83413	1667.5	712.0
3298	62.17131	1806.57142857	839.0
3126	68.36984	1794.16911765	851.0
3144	77.95462	2485.78064516	1087.0
3276	42.37928	1528.37837838	709.0
3391	65.87656	2153.53793103	943.0
3203	52.8171	1559.75	746.0
3280	72.46994	2427.7816092	1101.0
3016	80.29922	2225.34636872	1083.0
3289	39.09173	1278.66666667	625.0
3031	43.94152	1346.36585366	593.0
3255	44.37009	1383.62162162	563.0
3034	48.95945	1598.05504587	712.0
3019	27.16321	787.647058824	497.0
3290	41.4871	1364.56074766	641.0
3286	57.95806	1496.77419355	746.0
3205	43.07471	1527.6796875	780.0
3042	54.84663	1390.67889908	684.0
3397	61.65002	1717.12621359	758.0
3273	68.77932	1714.6446281	796.0
3271	62.19768	1637.25925926	743.0
3131	70.00279	1568.53719008	792.0
3279	71.53663	2460.04081633	1034.0
3389	45.69605	1314.30693069	620.0
3101	69.55736	1886.12738854	921.0
3300	66.86675	1788.85507246	852.0
3123	60.32864	1696.34259259	740.0
3136	53.99079	1799.81707317	675.0
3139	70.13266	1824.30534351	849.0
3032	36.53392	931.581081081	466.0
3244	61.9232	1726.57142857	811.0
3148	58.86774	1635.84466019	732.0
3265	60.05298	1771.95192308	748.0
3297	68.92412	2139.77419355	873.0
3275	49.13428	1716.35	724.0
3266	66.42676	1746.54198473	832.0
3187	70.47348	1902.12605042	858.0
3201	48.3006	1395.28571429	641.0
3013	55.79818	1711.5	717.0
3256	37.06252	947.915492958	444.0
3099	48.22373	1427.22115385	679.0
3245	61.02471	2014.80555556	813.0
3188	53.65568	1637.62857143	722.0
3288	56.21826	1722.79130435	748.0
3299	59.55236	1758.00833333	804.0
3294	51.16325	1701.63551402	715.0
3400	27.86149	759.537313433	432.0
3186	73.56177	2079.44360902	911.0
3140	65.9107	2003.66141732	862.0
3396	57.07072	1533.0	693.0
3267	64.68888	1650.94117647	783.0
3035	62.30251	1856.18446602	777.0
3305	55.73389	1287.00763359	693.0
3204	62.97257	2065.04098361	881.0
3395	66.40256	2003.43939394	868.0
3025	64.678	2176.35051546	833.0
3141	69.42037	2110.26666667	835.0
3302	59.06263	1757.24299065	762.0
3303	53.48605	1659.27272727	852.0
3270	62.1555	1592.76229508	761.0
3390	64.77995	1640.90517241	770.0
3020	67.60894	1780.75352113	881.0
3206	40.07925	1459.05	716.0
3110	55.07819	1849.33898305	809.0
3142	74.49069	1834.92715232	896.0
3128	62.17639	1841.02941176	742.0
3041	33.08492	847.3125	425.0
3129	68.42157	1748.7238806	851.0
3124	60.60033	1715.47826087	753.0
3021	32.37798	890.134328358	433.0
3246	50.51851	1455.36363636	629.0
3281	69.00849	2036.39240506	970.0
3132	50.91873	1522.25806452	768.0
3182	42.88106	1104.22891566	542.0
3304	56.36373	1516.35643564	674.0
