	PD_whole_tree	chao1	observed_otus
230	49.8111	941.4	486.0
247	52.48075	1085.48	519.0
207	38.77086	798.220588235	421.0
342	44.47487	876.942307692	388.0
333	51.14722	1323.08536585	574.0
265	51.53451	1251.51111111	596.0
364	47.07865	1099.89830508	452.0
355	44.12187	1102.56896552	453.0
220	41.72983	1148.67857143	471.0
341	45.20575	1021.21666667	447.0
272	37.63144	636.924242424	362.0
226	56.5601	1227.03658537	581.0
358	49.31962	1111.11428571	500.0
346	47.01251	840.337837838	443.0
257	35.84225	940.775862069	438.0
233	38.72102	922.48	477.0
392	42.49094	540.25	339.0
347	49.0403	1166.03797468	544.0
264	36.41379	996.0	385.0
221	39.76254	921.0	466.0
383	46.84667	923.048387097	417.0
223	42.88272	834.725806452	421.0
283	42.79544	742.076923077	419.0
213	38.76883	547.06	358.0
255	42.11919	921.666666667	456.0
251	44.2282	938.753623188	462.0
325	55.96075	1128.0	548.0
423	51.05862	1282.53571429	572.0
245	58.03903	1063.68292683	542.0
211	48.52054	1123.76470588	516.0
246	49.15146	1003.51851852	450.0
189	58.82871	1118.76744186	551.0
343	50.61277	1174.22093023	543.0
135	59.11078	1264.73404255	615.0
205	41.47691	1167.24615385	491.0
212	42.02321	732.928571429	374.0
147	50.35122	955.974683544	486.0
378	45.7841	1219.23880597	509.0
266	53.58003	1152.03846154	538.0
248	42.66586	895.192307692	480.0
384	47.34531	1000.5	468.0
222	47.67737	1017.64935065	514.0
254	45.77478	1446.90909091	542.0
258	37.74731	927.217391304	443.0
348	48.08317	1004.24657534	473.0
369	51.00931	1132.65853659	541.0
353	59.63954	1473.39759036	624.0
218	48.20077	959.717647059	510.0
362	52.62223	1042.12345679	514.0
396	38.06232	947.111111111	416.0
279	46.83962	1082.95121951	536.0
324	50.05045	974.047619048	460.0
203	48.23206	1064.28571429	541.0
382	51.42076	1093.31707317	513.0
338	53.27621	1128.61363636	534.0
276	49.3756	1000.12345679	535.0
267	43.80854	981.405797101	459.0
198	50.17662	1137.01369863	547.0
344	45.1669	1078.30434783	500.0
354	43.0543	1077.71428571	503.0
394	33.46046	727.523809524	309.0
229	40.90761	1015.04411765	461.0
215	40.05858	1033.12280702	456.0
274	34.66268	691.220338983	364.0
225	55.63681	1226.33333333	584.0
139	49.76596	1088.3943662	490.0
329	48.80696	1016.06849315	481.0
349	46.14203	892.654545455	397.0
200	45.76283	1003.07692308	513.0
239	38.76931	763.204081633	353.0
275	46.44783	970.018181818	431.0
381	44.01833	1236.90909091	475.0
199	42.46739	1122.6557377	496.0
235	43.04274	779.516129032	405.0
376	54.16104	1081.68421053	454.0
240	41.68514	983.517857143	441.0
162	54.64478	1278.78571429	522.0
234	24.09256	476.026315789	238.0
357	49.01785	1159.125	537.0
379	48.23852	1160.25925926	538.0
350	44.47313	895.882352941	384.0
438	41.20712	836.857142857	339.0
244	28.03438	408.857142857	236.0
326	51.13446	1169.09090909	485.0
270	34.78203	704.692307692	407.0
101	40.34047	848.666666667	361.0
227	44.32264	812.037037037	455.0
377	38.52348	1014.6779661	444.0
436	38.83731	678.018181818	327.0
217	44.53084	1136.67901235	553.0
196	42.71813	1021.28169014	506.0
252	38.98306	887.5	457.0
284	41.13957	1072.66666667	403.0
356	43.01212	919.577464789	449.0
206	34.15511	897.885714286	335.0
197	31.18987	631.65625	357.0
337	41.25658	834.666666667	413.0
256	50.04311	1095.04225352	537.0
330	41.62213	933.392857143	404.0
372	30.10823	558.193548387	321.0
214	48.35215	1050.3875	512.0
336	39.87409	957.486486486	353.0
366	56.4837	993.946808511	520.0
172	47.38131	1108.75	463.0
138	37.901	688.212765957	330.0
250	43.38475	998.514285714	472.0
163	50.33439	1089.18181818	463.0
375	38.88614	977.428571429	397.0
370	37.70111	856.632653061	356.0
374	30.2428	611.8125	309.0
340	38.5389	908.56	391.0
216	45.99567	1074.20253165	529.0
154	47.33537	1143.69230769	472.0
219	45.18768	1082.09230769	494.0
334	36.30184	950.358490566	391.0
367	34.01297	674.018518519	338.0
100	36.47341	991.7	389.0
180	54.35728	1049.13924051	526.0
136	48.31531	911.126760563	455.0
253	47.06345	1113.86585366	526.0
371	46.52439	1047.875	472.0
152	43.83237	995.0	386.0
156	49.89816	1125.72727273	482.0
121	47.83852	1033.05263158	424.0
335	36.78509	946.486486486	342.0
127	54.17891	1057.36144578	517.0
145	58.67114	1107.05813953	532.0
107	51.69023	1054.37837838	492.0
111	44.64601	765.47761194	386.0
361	31.38101	618.538461538	280.0
331	27.1686	524.625	260.0
236	22.47999	420.933333333	210.0
191	31.96194	599.5	292.0
435	25.03356	482.5	248.0
153	50.63586	1303.74193548	501.0
155	34.87116	798.341463415	337.0
282	44.57309	1040.44262295	467.0
365	38.14671	675.263157895	340.0
148	47.22647	958.516666667	423.0
157	47.9696	1010.33333333	420.0
123	49.85068	1060.4057971	478.0
151	40.73995	700.508474576	353.0
117	43.37038	967.333333333	437.0
99	45.66729	1189.8125	450.0
161	52.47829	1135.0	509.0
150	50.36531	1229.36986301	517.0
332	32.30804	810.441860465	343.0
132	38.93189	758.915254237	369.0
177	31.28619	663.275	287.0
389	28.09197	487.617647059	241.0
149	38.5829	753.4375	343.0
597	48.82878	1159.3	583.0
861	35.85973	1087.09345794	592.0
864	33.74859	1174.16666667	571.0
599	40.29448	1166.0	516.0
811	50.23439	1429.0	610.0
771	40.69636	907.454545455	386.0
875	34.75328	901.430769231	411.0
783	45.48659	908.535714286	473.0
859	54.46308	1191.0	541.0
858	46.75443	1053.1641791	466.0
876	44.13191	1176.7254902	438.0
848	53.5358	1279.79518072	569.0
852	38.88075	901.0	407.0
773	53.58077	1266.80487805	564.0
839	46.14872	1219.34146341	533.0
822	47.46078	1203.13043478	500.0
832	48.12277	1112.5625	510.0
819	59.50875	1481.56122449	655.0
816	56.20456	1216.90526316	585.0
728	49.81753	1137.08536585	553.0
841	40.01486	1137.93220339	452.0
775	37.38155	804.762711864	370.0
756	47.98414	971.857142857	479.0
843	52.82601	1151.075	525.0
867	50.82015	1471.02985075	549.0
851	60.78864	1287.79381443	629.0
784	35.8657	727.85	348.0
873	37.5724	967.478873239	456.0
804	42.98565	933.345679012	458.0
821	34.79679	1011.01851852	416.0
779	56.96659	1242.53846154	598.0
836	42.86316	1118.44262295	455.0
754	49.12669	1151.19230769	505.0
826	47.44395	1187.78947368	512.0
716	48.44602	851.720430108	498.0
751	51.23866	1228.63076923	506.0
818	56.9832	1413.57317073	599.0
758	48.10937	981.2875	500.0
838	44.19005	934.038461538	465.0
883	53.11688	1269.2962963	562.0
778	39.82285	872.0	389.0
834	53.22256	1228.53846154	541.0
849	42.45108	1025.01408451	463.0
815	54.73405	1226.06451613	588.0
817	58.24027	1218.94680851	584.0
794	57.90019	1379.60240964	588.0
777	51.22594	1260.54878049	566.0
820	54.33643	1255.14285714	619.0
807	48.39051	973.193181818	497.0
882	50.67854	1129.61363636	535.0
786	63.05445	1480.62195122	630.0
829	42.4867	1089.97101449	470.0
801	52.32202	1334.10752688	608.0
814	61.89759	1511.20325203	726.0
857	34.89371	1244.70588235	597.0
798	50.42062	1210.05405405	516.0
879	33.2175	857.47826087	410.0
785	33.2652	515.886363636	272.0
791	44.19849	1279.9	537.0
598	39.08644	1033.8125	510.0
782	37.31466	842.25	424.0
793	45.32106	1055.09677419	443.0
833	45.28335	1178.76470588	497.0
787	36.51343	948.942307692	402.0
844	31.10768	920.277777778	398.0
845	34.23795	817.514285714	418.0
808	48.28234	1336.8	585.0
878	34.43253	821.362068966	383.0
1283	50.24183	1190.53571429	556.0
717	43.42166	852.75	453.0
770	54.10975	1433.39534884	631.0
718	37.85382	652.951612903	351.0
726	54.03289	1473.11702128	662.0
752	42.50958	830.338235294	426.0
780	45.82946	1338.12068966	507.0
828	50.03563	1488.26470588	559.0
755	43.89225	882.613333333	444.0
733	44.33258	908.076923077	463.0
835	52.67526	963.709302326	503.0
837	33.8997	913.048387097	407.0
727	51.54803	1287.52941176	569.0
868	32.25069	870.017241379	400.0
831	47.75881	1185.71830986	498.0
781	32.54697	990.5	358.0
750	34.25429	824.28125	391.0
596	44.14659	1180.88059701	507.0
830	40.50688	931.379746835	451.0
862	32.80027	1052.73333333	494.0
869	37.74267	1029.02631579	470.0
842	36.97694	821.0	375.0
732	21.56381	445.571428571	264.0
863	25.75006	834.923076923	304.0
860	47.05939	1014.68539326	504.0
850	35.60058	974.807692308	400.0
3249	49.9614	2004.76388889	645.0
3293	37.61616	1286.51724138	552.0
3022	58.8056	1542.46153846	639.0
3247	59.69437	1681.53271028	712.0
3269	61.19322	1644.02608696	734.0
3296	59.90429	1530.11111111	639.0
3015	57.48638	1708.01176471	653.0
3399	38.42602	1147.0	505.0
3026	42.31727	1286.28571429	529.0
3398	37.80204	1242.71014493	503.0
3030	38.05843	1043.76136364	510.0
3039	43.26897	1614.55882353	550.0
3264	55.12538	1614.40625	667.0
3274	56.28767	1450.10204082	648.0
3248	55.45642	1356.375	622.0
3044	54.57391	1368.28571429	566.0
3018	56.42875	1617.53846154	646.0
3014	57.70629	1748.78350515	698.0
3200	58.30538	1492.8988764	623.0
3028	40.55483	1277.0625	531.0
3272	36.01818	1217.68181818	492.0
3292	40.97616	1515.796875	534.0
3109	56.48918	1360.0326087	614.0
3040	23.00566	653.911764706	370.0
3185	44.98034	1221.43661972	516.0
3202	45.32198	1255.03488372	557.0
3024	30.1897	874.888888889	456.0
3108	36.72968	1008.03947368	483.0
3143	62.8041	1278.93650794	680.0
3257	41.92716	998.313432836	436.0
3027	43.02974	1476.44776119	528.0
3298	47.89634	1539.95	582.0
3126	55.29078	1439.25806452	611.0
3144	58.23625	1552.62790698	759.0
3276	33.77617	1254.48	513.0
3391	53.32928	1649.12121212	678.0
3203	45.66887	1406.64285714	554.0
3280	59.953	2032.0	813.0
3016	67.27147	1864.97435897	803.0
3289	30.20595	917.1	453.0
3031	39.48599	1222.41176471	440.0
3255	37.08794	1143.25531915	399.0
3034	37.538	1122.24657534	483.0
3019	22.85853	785.185185185	371.0
3290	34.92721	1280.90909091	460.0
3286	47.7257	1135.44578313	532.0
3205	35.97919	1270.38541667	601.0
3042	44.97156	1131.26388889	500.0
3397	51.38259	1229.07058824	563.0
3273	57.66297	1447.1744186	601.0
3271	51.06999	1404.54411765	542.0
3131	57.55386	1163.28125	584.0
3279	54.60343	1628.11111111	701.0
3389	37.89063	1137.6	474.0
3101	56.45141	1464.48648649	668.0
3300	57.71951	1726.06896552	656.0
3123	48.28587	1468.15789474	510.0
3136	43.9525	1340.9375	503.0
3139	56.69727	1377.34831461	602.0
3032	31.70441	771.272727273	353.0
3244	50.43946	1481.83529412	594.0
3148	50.04842	1215.45	541.0
3265	50.05617	1334.41666667	534.0
3297	55.73637	1812.53164557	645.0
3275	37.54177	1143.65517241	531.0
3266	51.91927	1155.12121212	573.0
3187	56.69691	1531.98734177	606.0
3201	39.62911	1208.01694915	463.0
3013	45.85047	1255.55844156	529.0
3256	28.6599	708.319148936	310.0
3099	39.78343	1420.14492754	535.0
3245	47.48638	1420.07317073	574.0
3188	42.54384	1204.01315789	524.0
3288	43.6457	1154.58441558	500.0
3299	50.30522	1445.61052632	614.0
3294	42.67108	1642.0	529.0
3400	23.33786	728.622222222	338.0
3186	58.27139	1675.58510638	676.0
3140	55.9998	1581.68539326	635.0
3396	48.14824	1267.28358209	515.0
3267	51.85717	1287.5	553.0
3035	49.27007	1295.81707317	551.0
3305	43.87816	1201.76315789	509.0
3204	52.28284	1496.09803922	662.0
3395	53.6182	1560.24705882	612.0
3025	54.99559	1380.73863636	605.0
3141	54.86505	1343.61797753	589.0
3302	48.47637	1375.67901235	569.0
3303	44.03251	1418.77647059	620.0
3270	51.94748	1372.89873418	564.0
3390	56.04422	1525.06097561	600.0
3020	58.09406	1446.14851485	660.0
3206	34.10603	1148.03571429	548.0
3110	45.98419	1541.48148148	605.0
3142	61.67503	1491.2371134	652.0
3128	50.0525	1366.06756757	536.0
3041	26.74432	658.038461538	320.0
3129	57.12492	1329.56122449	614.0
3124	51.81626	1616.54929577	570.0
3021	29.35846	770.418604651	326.0
3246	43.31068	1174.65217391	467.0
3281	56.0209	1961.30769231	719.0
3132	41.04687	1332.22093023	585.0
3182	34.52987	796.442622951	387.0
3304	44.28685	1292.01666667	473.0
