	PD_whole_tree	chao1	observed_otus
230	34.09251	527.386363636	270.0
247	35.16692	703.071428571	289.0
207	25.37926	471.157894737	226.0
342	31.0879	467.37037037	194.0
333	33.7831	611.195652174	284.0
265	35.84249	752.117647059	330.0
364	31.61187	537.026315789	239.0
355	31.00345	705.4	228.0
220	27.41276	586.228571429	254.0
341	27.63431	437.078947368	213.0
272	23.41571	321.171428571	174.0
226	36.30791	725.9	305.0
358	30.7695	593.0	233.0
346	33.25656	498.0	228.0
257	23.06434	510.0	246.0
233	26.59724	524.736842105	250.0
392	31.02154	439.64	191.0
347	32.98827	825.032258065	276.0
264	21.61188	539.476190476	188.0
221	26.33855	529.081081081	243.0
383	30.11122	529.551724138	213.0
223	30.67942	448.135135135	225.0
283	31.48645	464.243243243	227.0
213	30.37376	333.871794872	212.0
255	28.90042	449.133333333	236.0
251	27.04586	472.026315789	234.0
325	37.52694	695.441860465	291.0
423	33.10591	772.657894737	280.0
245	39.82846	766.2	303.0
211	33.43716	560.87755102	278.0
246	34.57006	529.923076923	251.0
189	38.6438	720.775	286.0
343	31.20031	684.529411765	252.0
135	39.99881	843.523809524	326.0
205	28.63118	680.677419355	260.0
212	28.61971	384.763157895	200.0
147	34.40714	512.41025641	241.0
378	30.44698	644.026315789	266.0
266	31.53317	703.777777778	276.0
248	29.71146	515.947368421	245.0
384	27.47121	423.243243243	207.0
222	33.81044	614.936170213	291.0
254	29.85373	628.404255319	297.0
258	25.76207	524.0	238.0
348	29.09112	639.285714286	248.0
369	34.43751	710.634146341	291.0
353	37.45038	904.428571429	307.0
218	31.73626	481.731707317	241.0
362	32.54928	771.103448276	264.0
396	23.8679	443.46875	209.0
279	32.05616	596.529411765	298.0
324	32.6254	538.0	244.0
203	30.62369	569.8	280.0
382	32.9706	765.4375	262.0
338	36.24169	577.357142857	263.0
276	32.5808	575.857142857	273.0
267	28.51676	560.941176471	241.0
198	36.46507	655.595744681	309.0
344	30.29786	695.028571429	265.0
354	26.63582	582.153846154	256.0
394	20.59867	628.214285714	160.0
229	25.98429	495.947368421	225.0
215	28.62629	821.954545455	251.0
274	25.50863	368.365853659	200.0
225	36.03177	558.888888889	296.0
139	30.41279	432.069767442	231.0
329	33.73268	578.238095238	260.0
349	26.89363	355.620689655	178.0
200	32.33337	484.80952381	263.0
239	23.99547	443.517241379	189.0
275	28.62871	405.75	208.0
381	27.60467	631.6	244.0
199	27.91432	601.6	265.0
235	31.6711	504.567567568	234.0
376	33.28273	633.464285714	229.0
240	27.87415	630.538461538	229.0
162	37.34071	740.428571429	275.0
234	16.83093	293.647058824	126.0
357	30.03755	650.965517241	250.0
379	32.1648	656.0	269.0
350	30.47984	396.121212121	194.0
438	26.98804	484.24	189.0
244	18.86044	227.714285714	116.0
326	30.48064	593.0	228.0
270	21.90949	370.666666667	198.0
101	26.03375	424.791666667	175.0
227	26.90571	531.441176471	237.0
377	24.19927	556.516129032	229.0
436	26.85934	476.12	176.0
217	30.18379	791.75	293.0
196	29.1734	529.317073171	264.0
252	27.01462	571.25	245.0
284	26.01021	416.416666667	208.0
356	27.25502	670.333333333	241.0
206	22.75929	325.888888889	164.0
197	21.29326	485.884615385	202.0
337	27.91871	509.303030303	227.0
256	33.17463	543.788461538	293.0
330	25.31203	762.3	211.0
372	20.45486	409.142857143	159.0
214	28.72244	598.903225806	248.0
336	27.35325	494.620689655	201.0
366	33.53734	643.5	246.0
172	28.76446	687.65	215.0
138	27.07164	474.75	175.0
250	27.32943	660.0	250.0
163	31.37035	561.157894737	243.0
375	26.49346	625.730769231	213.0
370	23.16973	459.894736842	167.0
374	20.53117	351.576923077	165.0
340	23.84655	415.903225806	197.0
216	29.10632	514.418604651	258.0
154	29.47463	587.677419355	232.0
219	32.0639	722.516129032	270.0
334	23.20664	488.307692308	195.0
367	23.52344	448.8	182.0
100	24.96861	494.333333333	198.0
180	36.4699	604.075	274.0
136	35.54803	576.181818182	251.0
253	28.3482	638.228571429	261.0
371	28.69841	834.772727273	242.0
152	28.60149	417.676470588	197.0
156	32.9871	664.676470588	257.0
121	30.85785	450.833333333	207.0
335	24.82578	415.565217391	169.0
127	36.78405	643.675675676	260.0
145	38.52909	557.565217391	267.0
107	32.47594	534.571428571	243.0
111	29.51411	649.636363636	201.0
361	20.19117	415.65	153.0
331	16.6786	340.0	130.0
236	16.46487	271.052631579	125.0
191	20.14944	330.05	143.0
435	16.17089	302.833333333	136.0
153	33.19725	758.035714286	245.0
155	23.16583	444.666666667	181.0
282	33.21915	648.965517241	248.0
365	23.97374	307.181818182	169.0
148	29.23442	531.25	213.0
157	27.02266	445.344827586	195.0
123	31.5973	558.78125	228.0
151	26.31934	510.916666667	188.0
117	28.49367	522.516129032	222.0
99	32.08396	556.28125	239.0
161	35.24894	641.666666667	252.0
150	34.25415	629.0	244.0
332	20.2705	321.538461538	157.0
132	27.68561	525.5	190.0
177	18.26793	293.333333333	145.0
389	18.68059	280.15	130.0
149	24.61134	365.555555556	171.0
597	31.20767	631.023255814	281.0
861	24.54969	1031.56756757	326.0
864	21.08219	889.25	297.0
599	26.0473	594.108108108	246.0
811	31.00912	844.135135135	290.0
771	28.35777	512.37037037	197.0
875	20.51647	509.275862069	202.0
783	29.74104	755.0	248.0
859	34.66884	637.135135135	258.0
858	29.9009	596.5	224.0
876	31.04598	579.527777778	235.0
848	36.43284	677.818181818	291.0
852	25.80631	434.848484848	200.0
773	32.54558	892.24	255.0
839	28.41496	734.935483871	255.0
822	29.10836	562.025641026	244.0
832	30.49995	623.636363636	243.0
819	38.18928	800.630434783	319.0
816	37.85059	1070.7	311.0
728	33.76662	728.372093023	293.0
841	24.55443	648.0	219.0
775	23.25107	481.576923077	193.0
756	34.02977	536.341463415	249.0
843	34.92304	696.774193548	255.0
867	30.97723	696.446808511	294.0
851	39.4192	726.0	324.0
784	22.52191	595.105263158	174.0
873	24.4306	678.533333333	233.0
804	26.89994	606.533333333	224.0
821	20.85351	510.785714286	202.0
779	37.55153	712.4375	302.0
836	28.65678	661.12	226.0
754	29.11541	594.533333333	227.0
826	29.69038	500.317073171	235.0
716	31.70127	680.25	273.0
751	34.36619	619.238095238	265.0
818	36.50311	842.153846154	306.0
758	33.86324	567.12	273.0
838	27.78115	603.75	237.0
883	34.08241	738.4	280.0
778	25.5817	438.636363636	200.0
834	34.40592	594.069767442	260.0
849	31.84375	827.576923077	242.0
815	36.57449	775.071428571	306.0
817	39.09821	735.88372093	296.0
794	36.43993	714.170731707	290.0
777	35.11355	726.56097561	284.0
820	40.42578	884.139534884	329.0
807	29.20126	493.47826087	244.0
882	31.19621	644.340909091	270.0
786	43.57258	865.936170213	344.0
829	27.3485	556.78125	226.0
801	35.17856	965.441176471	320.0
814	38.5933	942.522727273	344.0
857	23.06083	678.857142857	278.0
798	32.27133	554.8	265.0
879	19.86078	626.043478261	203.0
785	21.12022	236.285714286	145.0
791	28.09932	668.459459459	271.0
598	26.31016	616.071428571	270.0
782	22.32032	500.451612903	213.0
793	31.18444	525.0	231.0
833	29.87154	663.384615385	264.0
787	22.87782	512.896551724	201.0
844	19.67345	575.884615385	207.0
845	19.80559	587.0	222.0
808	31.95336	764.638297872	311.0
878	22.96995	681.666666667	194.0
1283	32.2585	629.7	279.0
717	27.16813	461.487179487	233.0
770	36.37539	925.046511628	339.0
718	23.93866	330.7	169.0
726	34.45143	751.234042553	315.0
752	30.69536	439.657894737	219.0
780	31.36641	747.757575758	265.0
828	32.54001	753.027027027	283.0
755	28.88311	549.0	220.0
733	31.0892	470.666666667	239.0
835	34.68578	581.736842105	247.0
837	22.49634	547.84	202.0
727	34.44753	688.441860465	284.0
868	19.34344	432.0	198.0
831	30.29693	637.181818182	242.0
781	20.88755	551.05	182.0
750	22.26615	528.538461538	196.0
596	30.48956	615.243902439	269.0
830	24.01943	565.833333333	213.0
862	23.13076	619.763157895	255.0
869	21.65209	521.935483871	217.0
842	24.23035	548.791666667	194.0
732	13.00071	251.636363636	151.0
863	13.34074	379.882352941	139.0
860	29.67413	551.27027027	237.0
850	24.64723	549.535714286	207.0
3249	31.2319	812.108695652	312.0
3293	23.29503	588.538461538	250.0
3022	37.32249	775.222222222	306.0
3247	38.47827	1054.07692308	337.0
3269	40.97541	915.058823529	348.0
3296	37.8162	773.441860465	306.0
3015	38.32542	975.717948718	318.0
3399	23.84977	927.217391304	250.0
3026	28.43733	1005.53846154	263.0
3398	22.79743	978.235294118	230.0
3030	23.03113	651.444444444	232.0
3039	23.29609	520.027027027	230.0
3264	33.42698	750.895833333	311.0
3274	35.97929	769.0	327.0
3248	36.77252	863.916666667	300.0
3044	35.75425	832.617647059	282.0
3018	34.72879	800.333333333	308.0
3014	38.83843	1017.07692308	330.0
3200	37.78774	693.857142857	293.0
3028	25.81082	809.033333333	260.0
3272	21.86282	827.260869565	239.0
3292	21.55889	550.025	236.0
3109	37.79203	807.529411765	285.0
3040	15.051	352.941176471	183.0
3185	28.64695	656.322580645	246.0
3202	27.61344	787.483870968	262.0
3024	21.19964	597.666666667	236.0
3108	28.36899	461.705882353	257.0
3143	43.42514	711.0	326.0
3257	27.32747	584.371428571	230.0
3027	27.7044	917.368421053	231.0
3298	30.65273	914.756756757	293.0
3126	32.14109	938.870967742	284.0
3144	38.24768	1013.65957447	362.0
3276	21.57401	867.833333333	263.0
3391	35.11635	971.363636364	300.0
3203	29.70437	798.363636364	277.0
3280	36.19993	1548.61764706	375.0
3016	44.22886	1145.02	397.0
3289	18.64603	738.25	209.0
3031	23.41286	555.774193548	219.0
3255	21.05383	445.333333333	187.0
3034	24.64978	740.344827586	245.0
3019	15.00229	537.615384615	200.0
3290	21.75179	569.075	239.0
3286	27.81452	709.085714286	259.0
3205	21.18445	693.076923077	280.0
3042	29.94201	588.5	242.0
3397	33.98789	596.022727273	281.0
3273	33.73828	1015.03703704	278.0
3271	34.98989	688.9	268.0
3131	39.14864	662.294117647	299.0
3279	34.56265	956.017857143	364.0
3389	24.03462	812.75	216.0
3101	34.00678	875.022222222	320.0
3300	34.84047	993.34375	301.0
3123	30.91024	641.666666667	252.0
3136	25.61208	742.222222222	235.0
3139	36.30757	639.0	281.0
3032	19.50433	656.375	172.0
3244	33.49145	821.837837838	284.0
3148	32.16582	714.090909091	258.0
3265	32.76398	809.033333333	260.0
3297	35.97822	778.4	300.0
3275	25.05289	871.0	255.0
3266	34.92397	874.45	310.0
3187	38.92595	711.0	313.0
3201	23.1657	542.363636364	226.0
3013	30.02609	724.763157895	272.0
3256	18.91168	491.25	150.0
3099	26.35412	695.27027027	255.0
3245	32.68892	714.926829268	277.0
3188	25.51741	613.0	245.0
3288	25.83891	628.032258065	233.0
3299	31.71373	894.777777778	291.0
3294	24.55292	777.0	231.0
3400	15.3584	384.75	187.0
3186	38.3135	731.0	317.0
3140	32.77179	1047.46428571	286.0
3396	32.6302	638.833333333	241.0
3267	32.33423	770.588235294	270.0
3035	31.66742	731.657894737	274.0
3305	28.13451	568.527777778	237.0
3204	35.82663	940.8	335.0
3395	37.49446	996.0	315.0
3025	35.00153	832.947368421	304.0
3141	37.43241	852.875	299.0
3302	32.99244	795.236842105	282.0
3303	28.66961	714.528301887	320.0
3270	33.96644	618.9	264.0
3390	33.52217	809.108108108	282.0
3020	37.25293	850.659574468	324.0
3206	22.01704	748.666666667	281.0
3110	28.84725	722.5	275.0
3142	40.64375	1053.66666667	342.0
3128	30.88715	675.216216216	259.0
3041	16.72823	516.15	171.0
3129	38.14967	719.418604651	293.0
3124	33.06084	820.032258065	271.0
3021	17.58462	543.882352941	165.0
3246	25.57007	579.166666667	191.0
3281	34.24507	1133.65	343.0
3132	28.06554	638.145833333	295.0
3182	23.85604	559.44	203.0
3304	27.21009	565.181818182	222.0
