	PD_whole_tree	chao1	observed_otus
230	66.36842	1417.71212121	801.0
247	68.48328	1720.09836066	851.0
207	54.38378	1242.69026549	696.0
342	59.91444	1142.50892857	634.0
333	70.5699	1862.05714286	924.0
265	70.84107	1727.07006369	942.0
364	63.73814	1608.1	724.0
355	60.4988	1301.65178571	702.0
220	55.23561	1367.87850467	716.0
341	59.60647	1472.71910112	689.0
272	49.43806	1068.31081081	548.0
226	74.22114	1863.96124031	920.0
358	64.67519	1524.0	777.0
346	64.413	1544.03	734.0
257	50.5637	1558.43157895	731.0
233	52.75864	1280.93650794	745.0
392	56.44965	959.6625	529.0
347	67.17875	1654.91366906	862.0
264	48.34448	1249.26582278	591.0
221	52.20025	1362.90265487	729.0
383	63.62519	1362.91089109	676.0
223	57.97396	1107.0990099	639.0
283	61.61696	1234.92920354	682.0
213	41.97567	697.518518519	459.0
255	59.28094	1394.40707965	730.0
251	59.87664	1350.66666667	722.0
325	72.83872	1847.71653543	885.0
423	71.3992	1916.1875	939.0
245	75.64212	1556.2	850.0
211	66.02266	1602.87096774	824.0
246	66.51468	1780.57142857	748.0
189	76.08414	1860.76335878	897.0
343	69.17861	1461.58598726	838.0
135	78.18521	1724.46835443	960.0
205	57.56068	1672.24778761	798.0
212	54.04597	1196.46341463	601.0
147	68.09225	1664.625	819.0
378	64.68567	1674.87407407	848.0
266	72.21987	1977.90756303	900.0
248	59.24739	1558.11926606	770.0
384	62.08329	1431.15533981	706.0
222	64.50475	1604.38842975	835.0
254	60.98919	1670.9	887.0
258	54.30044	1502.00925926	737.0
348	62.0972	1562.72727273	759.0
369	70.44098	1659.82222222	871.0
353	77.44695	2135.37931034	1017.0
218	63.27009	1368.04237288	761.0
362	68.91535	1525.90625	822.0
396	51.82627	1304.24752475	668.0
279	61.35889	1631.25	849.0
324	64.21758	1446.28712871	722.0
203	63.20238	1584.8540146	867.0
382	66.90915	1709.56896552	827.0
338	72.85709	1818.0	848.0
276	61.91528	1442.76106195	792.0
267	62.54546	1482.8907563	761.0
198	67.04353	1653.61016949	861.0
344	62.2093	1501.07692308	808.0
354	57.71837	1505.37815126	773.0
394	42.69743	874.0	451.0
229	54.49576	1328.8125	716.0
215	57.45306	1272.81395349	735.0
274	46.78508	1059.56179775	569.0
225	71.08039	1568.0754717	907.0
139	65.18981	1704.79591837	768.0
329	64.04676	1402.59836066	768.0
349	61.87883	1434.85714286	628.0
200	62.3861	1577.625	792.0
239	50.58398	1021.44186047	564.0
275	57.83321	1113.59803922	641.0
381	56.81726	1308.00840336	725.0
199	56.60099	1527.5	770.0
235	55.08667	1230.67010309	647.0
376	70.1127	1435.28971963	730.0
240	54.81304	1250.77669903	678.0
162	74.50423	1599.18120805	850.0
234	35.3135	815.018518519	389.0
357	68.02232	1606.33093525	860.0
379	63.25954	1552.768	808.0
350	64.66162	1477.5125	638.0
438	54.9881	1140.3253012	567.0
244	38.46851	686.960784314	364.0
326	68.32786	1723.83486239	797.0
270	48.36105	1278.62765957	640.0
101	59.32977	1254.77419355	613.0
227	61.12604	1289.28346457	743.0
377	53.29566	1332.26548673	715.0
436	51.96571	991.93902439	519.0
217	60.1188	1714.0	840.0
196	56.31928	1693.00900901	811.0
252	54.07428	1382.3592233	716.0
284	53.93028	1301.61797753	631.0
356	57.3561	1414.63793103	737.0
206	44.71571	1020.14705882	494.0
197	43.1334	1067.65	601.0
337	53.70355	1167.59090909	659.0
256	64.68638	1623.98130841	825.0
330	57.06331	1321.51923077	658.0
372	40.73271	1021.04477612	495.0
214	61.13043	1429.5	773.0
336	53.71484	1633.28125	601.0
366	74.0025	1578.97183099	858.0
172	62.1076	1386.03252033	734.0
138	50.3803	945.95	512.0
250	56.17994	1368.65	743.0
163	66.69633	1642.68421053	780.0
375	53.65748	1391.2244898	668.0
370	52.23214	1630.73770492	589.0
374	41.7417	857.223684211	483.0
340	49.42192	1135.55789474	605.0
216	61.2997	1415.94488189	797.0
154	63.27757	1452.125	750.0
219	60.40987	1660.04347826	801.0
334	47.49356	1298.73333333	624.0
367	47.50115	1229.8	550.0
100	51.85025	1491.44827586	655.0
180	71.05731	1561.31896552	810.0
136	65.36784	1498.85714286	754.0
253	61.30789	1438.71428571	820.0
371	62.97257	1595.0	753.0
152	62.97934	1349.51	652.0
156	67.09556	1609.0	776.0
121	63.36505	1356.33962264	677.0
335	48.40005	1079.86842105	517.0
127	69.41003	1506.05263158	819.0
145	75.20842	1641.12598425	835.0
107	69.68597	1420.18604651	786.0
111	59.70196	1330.96808511	632.0
361	38.65024	1055.59090909	420.0
331	36.07795	1046.70833333	424.0
236	29.72026	631.468085106	333.0
191	44.85885	1046.54545455	484.0
435	34.56642	741.714285714	400.0
153	67.2814	1903.59139785	793.0
155	47.57986	1186.0	560.0
282	62.67198	1567.4245283	757.0
365	52.23422	1236.07407407	574.0
148	63.07661	1566.62765957	692.0
157	60.37723	1463.57317073	649.0
123	67.93207	1501.78225806	782.0
151	53.07835	1194.88888889	551.0
117	60.9653	1522.57291667	712.0
99	63.70539	1361.48453608	699.0
161	68.73994	1628.18103448	788.0
150	67.5986	1676.5	812.0
332	43.6789	933.378947368	531.0
132	50.98044	1154.83908046	590.0
177	41.32018	1028.42424242	470.0
389	37.8467	866.714285714	384.0
149	52.2177	1035.83529412	553.0
597	66.69222	1701.52413793	912.0
861	48.07363	1545.73333333	928.0
864	47.51731	1477.94968553	887.0
599	54.46169	1745.63934426	819.0
811	68.75552	2096.01764706	1046.0
771	55.66768	1240.39393939	627.0
875	49.25754	1257.78301887	665.0
783	59.65881	1345.85714286	750.0
859	70.34058	1778.75206612	864.0
858	60.44267	1514.02521008	764.0
876	60.1399	1673.0	749.0
848	74.21826	2074.17931034	987.0
852	52.44101	1377.2371134	662.0
773	72.79639	1765.13461538	920.0
839	61.71904	1677.05035971	850.0
822	65.75774	1633.44366197	844.0
832	63.04293	1682.7983871	824.0
819	77.8874	1992.33707865	1062.0
816	81.11947	2175.76582278	1046.0
728	66.89173	1794.07407407	903.0
841	55.17837	1406.1328125	735.0
775	50.5834	1218.96808511	595.0
756	62.13564	1379.65	754.0
843	74.54222	1926.40163934	875.0
867	68.57791	1655.50331126	891.0
851	76.27267	1891.39622642	993.0
784	46.42403	1005.69473684	543.0
873	55.63027	1582.04237288	771.0
804	58.71109	1644.31578947	766.0
821	49.61563	1388.22330097	678.0
779	71.96404	2075.38135593	923.0
836	62.805	1671.14285714	784.0
754	62.36195	1605.71428571	783.0
826	65.03445	1989.63636364	851.0
716	62.82324	1262.14893617	778.0
751	66.7261	1591.20325203	806.0
818	79.14915	2126.44936709	1023.0
758	66.18854	1538.30714286	839.0
838	60.24088	1607.5	769.0
883	72.99227	1908.17518248	927.0
778	53.00586	1275.86111111	654.0
834	72.9539	1757.52205882	873.0
849	63.20095	1509.14285714	752.0
815	74.64718	1908.44897959	962.0
817	77.33137	1774.29032258	950.0
794	75.45374	1883.44604317	946.0
777	74.18988	2042.90322581	993.0
820	77.45641	2154.46875	1050.0
807	64.11282	1415.54615385	780.0
882	67.66247	1678.92307692	892.0
786	82.30617	2122.29032258	1039.0
829	58.34265	1516.66911765	787.0
801	74.61572	2105.51785714	1043.0
814	82.58648	2337.23300971	1200.0
857	49.08229	1483.94936709	892.0
798	70.66922	1801.32911392	904.0
879	47.71175	1298.94957983	681.0
785	44.67108	852.761904762	442.0
791	59.05203	1686.5	864.0
598	53.86555	1662.1796875	841.0
782	51.16118	1099.14563107	652.0
793	57.98932	1510.02970297	712.0
833	64.16232	1718.74418605	835.0
787	50.0395	1261.63157895	637.0
844	41.9469	1167.58474576	650.0
845	45.4046	1200.32727273	664.0
808	67.80109	1896.0974026	972.0
878	51.29022	1358.01980198	660.0
1283	67.52136	1765.97419355	922.0
717	55.62199	1220.60550459	695.0
770	72.053	1810.81818182	1021.0
718	46.12728	957.6625	527.0
726	73.54894	2259.0	1061.0
752	58.73831	1589.11627907	698.0
780	63.02359	1641.7593985	848.0
828	69.7209	1903.76923077	957.0
755	61.51794	1463.0625	729.0
733	58.07108	1335.33333333	756.0
835	70.25675	1726.41732283	840.0
837	47.11964	1444.36	678.0
727	67.52905	1885.85416667	927.0
868	45.17559	1089.61052632	608.0
831	62.21953	1624.90839695	812.0
781	44.12271	1191.96774194	594.0
750	49.5049	1453.40952381	701.0
596	59.90182	1759.54098361	829.0
830	55.39024	1619.0	753.0
862	48.58516	1463.91791045	801.0
869	54.47954	1686.53543307	815.0
842	51.28059	1159.13274336	634.0
732	26.94523	614.22	363.0
863	33.97855	1165.22972973	518.0
860	65.25067	1706.69047619	817.0
850	52.09885	1590.31	702.0
3249	69.2526	2277.29569892	1101.0
3293	55.85787	2071.7	923.0
3022	81.36822	2136.91925466	1043.0
3247	86.3622	2507.91981132	1239.0
3269	84.76911	2350.75598086	1220.0
3296	80.50609	1998.65957447	1065.0
3015	79.8599	2372.05202312	1115.0
3399	51.2348	1630.35766423	819.0
3026	60.63603	2098.77952756	910.0
3398	53.01054	1567.36486486	829.0
3030	53.33946	1675.29677419	864.0
3039	59.65923	1909.59310345	891.0
3264	75.98562	2083.04020101	1100.0
3274	76.63209	2086.03529412	1057.0
3248	76.39633	1966.62209302	1037.0
3044	73.01122	1787.79220779	925.0
3018	78.91539	2285.06470588	1086.0
3014	82.04594	2490.8258427	1167.0
3200	76.72633	2120.04255319	1006.0
3028	59.28301	2113.67391304	922.0
3272	55.03205	1733.09395973	879.0
3292	57.9052	2343.26446281	917.0
3109	75.5197	1845.46794872	957.0
3040	30.23948	886.940594059	551.0
3185	63.62462	1977.27692308	903.0
3202	62.99847	1846.35185185	938.0
3024	40.87812	1197.48201439	730.0
3108	52.96295	1436.87671233	811.0
3143	86.5918	2046.00487805	1119.0
3257	55.12112	1599.63461538	721.0
3027	60.1037	2165.57894737	870.0
3298	69.31677	2070.85889571	994.0
3126	75.70788	2092.05747126	1042.0
3144	83.26496	2612.51351351	1252.0
3276	49.60587	1937.1119403	887.0
3391	73.54228	2390.96907216	1155.0
3203	60.17534	1697.32467532	913.0
3280	85.13342	2799.0733945	1344.0
3016	90.65452	2671.27777778	1336.0
3289	43.83733	1518.625	750.0
3031	51.32111	1592.07377049	764.0
3255	50.79562	1721.52808989	690.0
3034	54.35933	1839.0	837.0
3019	32.85442	981.258333333	610.0
3290	46.82683	1490.3902439	744.0
3286	66.72023	1770.50704225	906.0
3205	49.59754	1826.07913669	925.0
3042	61.483	1474.36363636	795.0
3397	68.36641	1803.12413793	915.0
3273	77.32223	2284.2734375	977.0
3271	70.09709	1964.11267606	924.0
3131	77.19705	1898.95205479	964.0
3279	78.70136	2647.12299465	1232.0
3389	52.50588	1654.04615385	799.0
3101	77.69268	2303.96132597	1117.0
3300	76.1247	2036.48691099	1064.0
3123	68.18468	2029.25352113	927.0
3136	61.51765	1901.07377049	833.0
3139	75.66598	2087.72108844	1000.0
3032	42.49454	1085.54545455	586.0
3244	71.88239	2148.24183007	1001.0
3148	66.73107	1751.75714286	889.0
3265	66.85251	1700.35947712	885.0
3297	76.77069	2326.0239521	1063.0
3275	54.67348	1734.44370861	895.0
3266	73.42871	2008.1589404	979.0
3187	80.72136	2165.21472393	1048.0
3201	54.15244	1573.33898305	766.0
3013	64.55022	1787.25675676	886.0
3256	41.47255	1204.4	529.0
3099	55.58179	2030.97580645	879.0
3245	70.5958	1967.62433862	1020.0
3188	58.57934	1885.22580645	863.0
3288	60.8805	1837.56521739	871.0
3299	70.42784	2040.03614458	1011.0
3294	58.01804	1822.56643357	868.0
3400	32.53361	823.8	537.0
3186	82.30925	2196.13684211	1130.0
3140	77.06987	2327.22352941	1075.0
3396	64.01541	1631.10869565	846.0
3267	72.32637	1915.01898734	956.0
3035	68.82647	1909.57926829	962.0
3305	63.9989	1752.00735294	853.0
3204	73.87227	2255.08938547	1102.0
3395	74.0683	2636.88970588	1062.0
3025	75.33047	2124.88823529	1043.0
3141	76.71421	2321.06369427	1047.0
3302	67.83358	2290.91735537	946.0
3303	60.21511	1906.55900621	1016.0
3270	70.85816	2073.66911765	931.0
3390	72.89493	2023.61538462	964.0
3020	75.92318	1918.79532164	1023.0
3206	47.36292	1570.74324324	879.0
3110	62.5541	2017.11864407	1012.0
3142	84.13882	2231.01714286	1106.0
3128	69.39901	2140.93650794	912.0
3041	37.27212	1024.43037975	530.0
3129	77.44026	2154.2	1004.0
3124	69.29028	2295.82786885	929.0
3021	36.47691	1083.73333333	525.0
3246	59.5488	1784.87610619	776.0
3281	79.0677	2402.42857143	1211.0
3132	58.53335	1839.53658537	962.0
3182	48.95358	1480.85869565	669.0
3304	61.00782	1466.31034483	785.0
