	PD_whole_tree	chao1	observed_otus
230	76.97038	1931.38815789	1023.0
247	80.8195	2194.05921053	1097.0
207	64.30109	1595.44202899	886.0
342	70.79945	1298.85714286	796.0
333	83.94532	2481.3313253	1195.0
265	83.65623	2126.46192893	1199.0
364	73.38119	1952.02362205	926.0
355	68.05001	1514.0	872.0
220	64.78494	1609.15625	932.0
341	71.75627	1833.44715447	891.0
272	57.62947	1179.00917431	684.0
226	83.83976	2267.01273885	1149.0
358	75.84903	1814.55704698	984.0
346	76.43661	1838.1056338	949.0
257	58.83527	1770.55555556	919.0
233	62.80175	1578.07006369	946.0
392	63.77429	1223.86904762	650.0
347	76.44847	2118.7816092	1110.0
264	57.70406	1452.66141732	786.0
221	61.96656	1510.50331126	911.0
383	74.95598	1649.67391304	878.0
223	66.44953	1459.05	804.0
283	71.31066	1569.07936508	854.0
213	44.32512	818.163934426	530.0
255	67.26185	1747.62773723	912.0
251	71.74503	1746.9	936.0
325	84.55261	2219.16071429	1128.0
423	81.98948	2221.6827957	1180.0
245	85.06176	1837.5872093	1080.0
211	76.56466	2142.19858156	1044.0
246	78.31856	1892.54347826	952.0
189	87.68062	2372.34591195	1142.0
343	79.23979	1814.33333333	1067.0
135	90.34884	1988.57142857	1200.0
205	67.99392	2077.08510638	1018.0
212	63.76389	1307.29824561	753.0
147	77.91539	1927.9695122	1034.0
378	73.33834	1886.00546448	1067.0
266	84.30933	2222.84431138	1136.0
248	67.06827	1689.21818182	972.0
384	71.70948	1731.52238806	902.0
222	75.54821	1843.53488372	1059.0
254	69.95425	1880.35294118	1105.0
258	62.30818	1580.76433121	920.0
348	70.08892	1743.77852349	943.0
369	81.22383	1858.86021505	1088.0
353	91.68652	2342.67142857	1285.0
218	72.32317	1659.56578947	962.0
362	81.917	2037.00632911	1064.0
396	59.51471	1467.3046875	825.0
279	73.02901	1831.62068966	1068.0
324	74.02918	1697.10869565	912.0
203	73.26312	1824.625	1100.0
382	79.41531	2167.41891892	1064.0
338	81.40713	2104.55483871	1062.0
276	70.33424	1574.56069364	988.0
267	71.57451	1688.06060606	959.0
198	76.10084	2017.64	1076.0
344	74.13461	2016.12738854	1051.0
354	65.62679	1719.5	980.0
394	49.3259	987.510638298	569.0
229	63.71174	1717.024	898.0
215	66.82392	1676.25531915	921.0
274	56.31789	1271.47826087	722.0
225	80.47758	1933.61413043	1125.0
139	76.78018	1836.375	993.0
329	73.22573	1752.06569343	951.0
349	71.56949	1658.05504587	800.0
200	73.44673	1766.55882353	1015.0
239	59.73614	1230.95833333	722.0
275	66.67726	1395.44715447	810.0
381	67.6692	1645.82424242	952.0
199	65.06814	1730.66666667	949.0
235	64.19514	1591.78448276	826.0
376	80.19088	1755.11023622	902.0
240	62.0842	1483.91603053	847.0
162	85.56433	1922.46666667	1085.0
234	41.32678	983.338235294	492.0
357	77.3657	1853.2287234	1082.0
379	71.75476	1848.96815287	1019.0
350	72.25764	1723.44339623	804.0
438	63.87622	1358.11881188	704.0
244	43.27612	844.904761905	452.0
326	77.96422	1917.0	1000.0
270	57.55829	1465.64583333	837.0
101	67.64706	1577.27927928	777.0
227	70.04624	1697.23357664	930.0
377	62.6149	1669.68493151	918.0
436	62.03664	1238.71171171	679.0
217	70.57376	1911.22580645	1054.0
196	66.96141	1623.39010989	997.0
252	61.46389	1558.11678832	888.0
284	62.68966	1535.37815126	810.0
356	67.20109	1780.37414966	952.0
206	55.04743	1247.36633663	653.0
197	48.01351	1186.58208955	736.0
337	63.17536	1571.64566929	842.0
256	76.24137	1828.36363636	1028.0
330	66.40386	1508.34615385	812.0
372	49.42893	1258.91764706	628.0
214	71.06226	2036.16083916	1026.0
336	63.07341	1569.89189189	762.0
366	84.20834	1927.25	1061.0
172	74.48083	1697.51829268	952.0
138	61.57721	1244.05434783	654.0
250	65.96102	1806.08208955	941.0
163	78.60568	1826.44171779	989.0
375	62.81239	1620.33333333	852.0
370	60.35022	1593.00952381	747.0
374	49.77524	1161.92307692	615.0
340	57.98497	1364.04511278	776.0
216	69.57473	1878.05035971	1002.0
154	72.98168	1710.08571429	980.0
219	70.12902	1945.67924528	1027.0
334	55.6392	1633.84210526	802.0
367	55.05231	1298.35897436	699.0
100	61.47244	1717.87704918	845.0
180	82.67555	1828.04402516	1034.0
136	74.71772	1495.04790419	935.0
253	70.75907	1738.14814815	1046.0
371	71.76256	1902.13138686	951.0
152	71.7547	1658.92	829.0
156	76.96202	1789.50617284	982.0
121	72.37113	1536.19047619	852.0
335	57.45274	1325.62857143	679.0
127	79.48836	1863.30722892	1041.0
145	86.5536	2142.73426573	1056.0
107	78.78336	1696.36486486	958.0
111	70.0647	1843.39423077	815.0
361	47.27183	1181.08823529	552.0
331	43.30948	1267.24590164	532.0
236	34.88081	927.944444444	436.0
191	52.4518	1432.77777778	635.0
435	41.24364	1039.34246575	527.0
153	81.18574	2335.44444444	1044.0
155	54.26952	1348.9375	687.0
282	70.39678	1845.89208633	952.0
365	61.22621	1507.15	729.0
148	72.68062	1924.94117647	885.0
157	72.27137	1832.04958678	878.0
123	77.1475	1726.06134969	979.0
151	63.11826	1516.375	714.0
117	69.40717	1652.16666667	903.0
99	72.95135	1595.73684211	886.0
161	78.8495	1720.08333333	999.0
150	78.39565	1925.39285714	1030.0
332	52.99132	1247.67826087	692.0
132	59.41547	1298.27927928	729.0
177	49.24106	1030.8	601.0
389	44.41123	986.012820513	503.0
149	59.79933	1458.10869565	704.0
597	75.20976	1970.50537634	1138.0
861	55.92366	1838.16	1131.0
864	54.93974	1856.6	1112.0
599	64.09685	1841.29069767	1017.0
811	80.09559	2438.91304348	1326.0
771	65.38521	1592.7983871	821.0
875	56.55109	1415.70422535	831.0
783	66.52009	1567.60264901	928.0
859	81.77712	2100.66666667	1119.0
858	68.0402	1715.17105263	943.0
876	68.30927	1665.03726708	930.0
848	84.91677	2262.26530612	1219.0
852	62.1935	1444.1958042	823.0
773	84.46774	2063.09478673	1177.0
839	72.18592	1800.90776699	1076.0
822	76.25409	2025.2716763	1078.0
832	75.30162	2261.73426573	1059.0
819	90.57908	2321.54320988	1349.0
816	93.0147	2498.88995215	1335.0
728	77.7567	2450.42307692	1156.0
841	64.82773	1936.49295775	953.0
775	59.99128	1408.0	781.0
756	70.06187	1626.09677419	945.0
843	85.38607	2143.28571429	1113.0
867	78.12948	1945.47596154	1141.0
851	88.55564	2272.69565217	1260.0
784	54.50983	1279.82608696	699.0
873	65.0702	1953.16666667	987.0
804	68.89216	1809.77710843	978.0
821	59.24706	1580.5	880.0
779	84.18963	2157.26829268	1203.0
836	72.55593	1964.61666667	1035.0
754	72.1085	1905.43949045	999.0
826	76.50312	2438.75	1100.0
716	73.82889	1572.14906832	975.0
751	78.24092	1859.69565217	1057.0
818	91.94868	2378.93333333	1304.0
758	76.07963	1847.12280702	1058.0
838	68.50495	1844.75177305	960.0
883	83.85248	1875.26315789	1169.0
778	62.56181	1579.35915493	852.0
834	83.70245	2100.36666667	1112.0
849	74.34826	1714.66470588	972.0
815	85.24798	2093.82038835	1201.0
817	88.22869	2095.57352941	1194.0
794	86.55151	2060.44827586	1187.0
777	83.94232	2454.91052632	1247.0
820	91.81793	2455.01234568	1369.0
807	73.56498	1759.72222222	1005.0
882	81.48167	2135.35675676	1151.0
786	94.65743	2193.41975309	1312.0
829	69.27981	1838.65053763	1024.0
801	85.55771	2190.6875	1310.0
814	95.8734	2728.40229885	1510.0
857	57.42097	1679.72330097	1117.0
798	81.96542	2107.54672897	1158.0
879	56.75624	1643.12080537	878.0
785	50.35167	1015.28378378	539.0
791	68.88532	1906.33668342	1100.0
598	63.89851	1940.19879518	1057.0
782	58.26734	1337.08264463	806.0
793	67.97752	1726.52	918.0
833	73.52873	2003.33333333	1055.0
787	57.87394	1608.5	835.0
844	50.45827	1604.43902439	837.0
845	53.8419	1593.8503937	854.0
808	80.16976	2307.87684729	1256.0
878	59.60676	1507.29411765	847.0
1283	78.76582	2186.28061224	1185.0
717	63.54646	1449.00763359	864.0
770	83.40305	2217.25581395	1281.0
718	54.25246	1115.71559633	662.0
726	87.1832	2555.60189573	1356.0
752	67.06094	1854.12605042	880.0
780	72.39667	2107.63636364	1090.0
828	81.40288	2331.34848485	1223.0
755	70.33733	1795.93006993	934.0
733	65.97645	1601.86335404	949.0
835	79.34506	2085.90566038	1066.0
837	56.53681	1690.84615385	861.0
727	76.47592	1977.04347826	1149.0
868	53.01276	1243.67883212	772.0
831	72.17087	1914.94475138	1044.0
781	51.74224	1472.45454545	747.0
750	58.94953	1564.51948052	879.0
596	69.08787	1862.24064171	1049.0
830	65.94623	1909.56944444	958.0
862	56.33518	1686.23428571	1010.0
869	63.19914	1715.88108108	1006.0
842	60.59499	1591.52380952	811.0
732	31.33312	694.142857143	451.0
863	40.55324	1372.98039216	667.0
860	75.57251	1919.84530387	1052.0
850	59.73151	1697.7962963	906.0
3249	82.47719	2736.75510204	1429.0
3293	67.78323	2340.62244898	1204.0
3022	94.17581	2589.99115044	1367.0
3247	100.31187	3026.84172662	1607.0
3269	99.61973	2714.35335689	1548.0
3296	94.15942	2496.82666667	1356.0
3015	93.40201	2797.2231405	1450.0
3399	60.54766	1854.68393782	1061.0
3026	74.8699	2495.13559322	1187.0
3398	63.25523	1970.4076087	1061.0
3030	64.86765	2080.92063492	1111.0
3039	71.66312	2334.78125	1171.0
3264	91.06737	2804.40425532	1441.0
3274	90.72636	2666.52941176	1382.0
3248	87.63919	2369.88837209	1315.0
3044	83.80385	2208.54358974	1186.0
3018	92.75119	2893.96135266	1396.0
3014	94.92102	2862.04832714	1527.0
3200	89.65065	2437.8	1296.0
3028	67.69271	2217.20379147	1174.0
3272	64.20544	2086.25388601	1127.0
3292	68.10775	2454.9273743	1169.0
3109	86.82296	2302.15942029	1242.0
3040	36.36166	1116.32110092	691.0
3185	71.92765	2037.37681159	1143.0
3202	73.57911	2280.65876777	1228.0
3024	47.71287	1566.76642336	906.0
3108	61.49262	1838.51785714	1026.0
3143	100.32353	2665.62280702	1437.0
3257	65.91276	1786.21518987	942.0
3027	72.59262	2372.55882353	1128.0
3298	80.98015	2452.76923077	1301.0
3126	87.63819	2522.14159292	1348.0
3144	98.73012	3339.23481781	1650.0
3276	59.91847	2309.2972973	1148.0
3391	88.24739	2788.02272727	1488.0
3203	71.15459	2241.4321608	1201.0
3280	99.04146	3539.61904762	1750.0
3016	105.43237	3264.16981132	1700.0
3289	52.13341	1777.94936709	950.0
3031	61.02552	1854.68674699	978.0
3255	62.35568	1989.27480916	907.0
3034	65.80139	2280.63529412	1104.0
3019	36.34621	1098.41791045	727.0
3290	56.78824	1788.4	970.0
3286	77.08111	1945.0	1145.0
3205	58.01719	2057.77595628	1156.0
3042	70.35106	2020.94701987	1032.0
3397	81.85144	2270.46231156	1204.0
3273	88.72272	2658.96825397	1278.0
3271	81.9614	2288.81407035	1196.0
3131	89.25458	2378.83333333	1225.0
3279	93.50402	3250.20588235	1588.0
3389	61.18101	2038.95092025	1023.0
3101	90.19407	2833.52654867	1437.0
3300	87.6079	2532.39647577	1357.0
3123	78.93036	2396.484375	1187.0
3136	75.2087	2371.25	1108.0
3139	88.48313	2558.00512821	1289.0
3032	51.12599	1359.09090909	745.0
3244	82.97459	2507.71232877	1306.0
3148	76.70143	2091.62433862	1144.0
3265	80.46901	2290.90555556	1162.0
3297	90.25327	2783.63348416	1377.0
3275	66.66882	2263.50549451	1154.0
3266	86.08128	2499.46305419	1277.0
3187	93.97667	2592.91071429	1359.0
3201	63.36155	1916.85798817	1017.0
3013	74.18367	2248.79569892	1146.0
3256	50.67027	1362.91089109	676.0
3099	66.38233	2315.68539326	1138.0
3245	82.85204	2326.00420168	1301.0
3188	68.98375	2243.63535912	1128.0
3288	74.25771	2334.54545455	1161.0
3299	81.11716	2689.95959596	1309.0
3294	69.49849	2282.50537634	1138.0
3400	38.00831	967.921052632	647.0
3186	96.30391	2680.11538462	1428.0
3140	89.52613	2504.50396825	1366.0
3396	73.46647	1864.70769231	1082.0
3267	85.11779	2460.6443299	1246.0
3035	81.16752	2377.12195122	1231.0
3305	74.39621	2076.375	1103.0
3204	87.95404	3106.02912621	1444.0
3395	88.75749	2788.4893617	1408.0
3025	87.80426	2708.0	1349.0
3141	91.95531	2662.93150685	1339.0
3302	79.65037	2503.39130435	1219.0
3303	71.10653	2158.05829596	1292.0
3270	84.11832	2318.61538462	1200.0
3390	86.06594	2567.04918033	1253.0
3020	88.42477	2322.48101266	1334.0
3206	55.61441	1918.00606061	1078.0
3110	73.86177	2427.57383966	1311.0
3142	97.34412	2407.03658537	1381.0
3128	83.62184	2366.35	1195.0
3041	43.69123	1162.33333333	650.0
3129	88.58487	2432.3	1278.0
3124	80.55313	2639.47593583	1236.0
3021	44.12637	1178.14423077	653.0
3246	71.48279	1940.25862069	1005.0
3281	91.89197	2959.19672131	1539.0
3132	67.53093	2376.33149171	1211.0
3182	57.96885	1820.484375	873.0
3304	71.97408	1723.69430052	1011.0
